0 0 0.159458 0.00555442 0.281327 0.00689674 0.403196 0.00823906 0.63114 0.00601939 0.694974 0.00679154 1 0 0.0479637 0.166133 0.302498 0.309097 0.4036 0.329417 0.599274 0.295553 0.868481 0.208349 0.973629 0.0702561 33.6597  
0 0 0.164152 0.00412961 0.263761 0.00416034 0.403954 0.00362088 0.649963 0.00130768 0.680126 0.00105844 1 0 0.0492045 0.168557 0.300233 0.30736 0.392231 0.324293 0.600824 0.295469 0.860253 0.208183 0.978303 0.0537635 37.1438  
0 0 0.185626 0.00563867 0.252107 0.00909791 0.376902 0.00879585 0.591619 0.00526109 0.638624 0.00565246 1 0 0.0372742 0.118334 0.297014 0.250403 0.375628 0.245592 0.55272 0.277893 0.835109 0.231716 0.996203 0.0623649 127.337  
0 0 0.165058 0.00623404 0.276088 0.00147008 0.395525 0.00567585 0.624034 0.00656564 0.685153 0.00808546 1 0 0.0449647 0.170099 0.289582 0.309356 0.390973 0.331838 0.60064 0.294067 0.870174 0.209205 0.968435 0.0739823 36.6863  
0 0 0.17871 0.00307501 0.278139 0.00666054 0.392726 0.00481593 0.622449 0.00816614 0.68169 0.00496749 1 0 0.0507477 0.182769 0.296332 0.322972 0.387525 0.348963 0.584427 0.309213 0.86413 0.210387 0.971998 0.0649273 35.2808  
0 0 0.176369 0.00265162 0.263949 0.00190229 0.393875 0.00277495 0.624093 0.0075587 0.669118 0.00446608 1 0 0.0545348 0.169644 0.289903 0.306504 0.393796 0.331775 0.589681 0.294262 0.861274 0.205921 0.970605 0.0621785 36.3027  
0 0 0.167137 0.00280974 0.24389 0.00235014 0.38323 0.00066169 0.580834 0.000756218 0.686528 0.0138531 1 0 0.0452019 0.129833 0.286331 0.258824 0.378063 0.251195 0.547101 0.274328 0.850577 0.236769 1.00109 0.0359334 140.12  
0 0 0.193339 0.00322948 0.282689 0.00339317 0.385852 0.000525628 0.602355 0.00377306 0.636816 0.00546242 1 0 0.0447114 0.123158 0.300792 0.26374 0.372626 0.264025 0.558305 0.281338 0.868392 0.222694 0.97521 0.0982677 116.233  
0 0 0.158583 0.00262209 0.258804 0.00295101 0.371612 0.00316545 0.599231 0.00690419 0.653625 0.00204264 1 0 0.0424652 0.12675 0.303919 0.25448 0.375585 0.246183 0.554092 0.27439 0.862659 0.23026 0.988734 0.081947 115.114  
0 0 0.158927 0.00126793 0.263954 0.0036656 0.383848 0.00507863 0.628299 0.0125342 0.676622 0.0114252 1 0 0.0506637 0.139426 0.285329 0.263025 0.388502 0.266739 0.592511 0.276485 0.872259 0.211902 0.986986 0.0464539 60.6924  
0 0 0.164202 0.0011429 0.261977 0.00385507 0.378687 0.000649532 0.588101 0.000326149 0.664218 0.00277769 1 0 0.0541764 0.128435 0.294727 0.257829 0.388826 0.250705 0.549819 0.264298 0.856348 0.225549 0.977197 0.0890177 139.503  
0 0 0.161661 0.00250373 0.238842 0.00447068 0.382442 0.000832276 0.615539 0.0053336 0.650808 0.0014524 1 0 0.0469958 0.124752 0.251142 0.234856 0.378547 0.243141 0.539416 0.260769 0.830755 0.228159 0.989136 0.0605159 175.485  
0 0 0.165495 0.00269325 0.243189 1.37463e-005 0.374867 0.00327925 0.587782 0.00421348 0.653881 0.00182418 1 0 0.0388536 0.131687 0.266391 0.258049 0.382189 0.247728 0.552964 0.27045 0.853936 0.219731 0.995213 0.0577722 144.081  
0 0 0.14692 0.00478712 0.22612 0.00116042 0.352848 0.00262599 0.593381 0.00184653 0.662031 0.00161583 1 0 0.0290354 0.115949 0.25157 0.250386 0.363422 0.249656 0.533362 0.271002 0.83512 0.233336 0.966142 0.103685 167.053  
0 0 0.194562 0.00620937 0.271884 3.55245e-005 0.387751 0.000472954 0.586034 0.00296762 0.65507 0.00564787 1 0 0.0323528 0.121957 0.2535 0.257771 0.374564 0.253727 0.548896 0.275927 0.846052 0.222689 0.976719 0.103041 151.643  
0 0 0.187855 0.00484486 0.271799 0.000378692 0.363803 0.00248254 0.592882 0.00457436 0.649109 0.00875801 1 0 0.0460111 0.116418 0.280893 0.260516 0.359562 0.264012 0.542801 0.276575 0.848063 0.244241 0.993045 0.0636624 117.945  
0 0 0.155202 0.0111201 0.237694 0.00338788 0.374722 0.00397468 0.633617 0.00433972 0.674497 0.00503483 1 0 0.0488214 0.125283 0.284255 0.242245 0.384937 0.239213 0.555264 0.255867 0.850877 0.221799 0.970468 0.0987783 145.262  
0 0 0.187938 0.00293728 0.2629 0.0135441 0.370641 0.0133877 0.579269 0.00715281 0.65863 0.00218256 1 0 0.0407377 0.123284 0.290107 0.264008 0.374686 0.259007 0.552344 0.277505 0.844413 0.239701 0.968275 0.11878 124.998  
0 0 0.172547 0.0104951 0.269538 0.0100857 0.396635 0.00775019 0.631425 0.00503391 0.668217 0.00379456 1 0 0.046817 0.129774 0.296295 0.261195 0.38693 0.254183 0.557841 0.280292 0.853177 0.237465 0.976227 0.116714 164.392  
0 0 0.157257 0.002338 0.235102 0.00112042 0.370146 0.00220741 0.616397 0.0073881 0.683131 0.0102472 1 0 0.0381341 0.123485 0.25577 0.273662 0.374518 0.278039 0.566762 0.304625 0.874556 0.245469 0.984088 0.127842 143.542  
0 0 0.155866 0.000889052 0.232345 0.00206721 0.363446 0.00231811 0.605257 0.00362252 0.646766 0.00201469 1 0 0.0393294 0.124548 0.280045 0.249093 0.371451 0.247273 0.554999 0.269851 0.825927 0.231248 0.969077 0.100887 117.995  
0 0 0.164313 0.00176609 0.246685 0.00244403 0.38028 0.00558878 0.596406 0.00268967 0.671794 0.0035223 1 0 0.0493582 0.121257 0.287665 0.256743 0.372152 0.256083 0.539431 0.266885 0.832096 0.237546 0.970404 0.120172 179.602  
0 0 0.162207 0.00728154 0.256545 0.00548681 0.377294 0.00670795 0.614327 0.00436652 0.671948 0.00551335 1 0 0.0440741 0.118843 0.273686 0.255508 0.379896 0.255233 0.554772 0.273411 0.84278 0.227626 0.974596 0.0968092 181.706  
0 0 0.162134 0.000575125 0.241875 0.00435405 0.374068 0.0041834 0.594652 0.000600148 0.648057 0.00637355 1 0 0.045513 0.129766 0.292569 0.250899 0.382929 0.247968 0.54641 0.265624 0.851872 0.234827 0.964152 0.116597 149.003  
0 0 0.162501 0.00216885 0.226325 0.000335917 0.36894 0.000970611 0.616726 0.00611633 0.690667 0.00688176 1 0 0.0457081 0.118669 0.284617 0.255832 0.366883 0.261694 0.556009 0.281819 0.864546 0.216534 0.975619 0.102817 190.684  
0 0 0.16737 0.00305247 0.259426 0.005908 0.390293 0.0024203 0.604644 0.00110473 0.700489 0.000888762 1 0 0.0420333 0.132886 0.259823 0.259579 0.391444 0.266838 0.571765 0.295379 0.8693 0.236802 0.983919 0.0940333 163.066  
0 0 0.170424 0.00241144 0.253431 0.0069341 0.377969 0.00131537 0.611114 0.00612845 0.693901 0.00151806 1 0 0.0411145 0.118903 0.301262 0.252924 0.377069 0.253313 0.563381 0.278063 0.848994 0.227934 0.999029 0.0564529 115.647  
0 0 0.16888 0.00725868 0.241923 0.00810342 0.38327 0.00547243 0.621426 0.000238521 0.655536 0.000108858 1 0 0.0511003 0.131979 0.293119 0.260485 0.379489 0.264373 0.558031 0.283326 0.845716 0.245843 0.98817 0.058748 116.512  
0 0 0.150984 0.00813092 0.262746 0.00684754 0.383921 0.00472596 0.621039 0.00932861 0.662647 0.00119271 1 0 0.0429423 0.1276 0.289355 0.266939 0.385013 0.253151 0.563126 0.282996 0.867381 0.242421 0.989217 0.0687365 118.237  
0 0 0.183816 2.19534e-005 0.269692 0.00346315 0.414129 0.00394064 0.610404 0.00128427 0.693821 0.0013666 1 0 0.0616644 0.133359 0.326686 0.286961 0.406127 0.285713 0.574718 0.31591 0.875409 0.25551 1.00798 0.0759149 137.912  
0 0 0.152024 0.00351458 0.210406 0.00247529 0.35957 0.0150205 0.592619 0.00279985 0.6716 0.00880118 1 0 0.0474568 0.119707 0.27025 0.274014 0.358863 0.267931 0.538874 0.289124 0.843555 0.254713 1.00252 0.0590016 165.286  
0 0 0.0750464 0.028773 0.215895 0.00315539 0.387476 0.00144364 0.573952 0.0244062 0.67417 0.00348678 1 0 0.0435228 0.137943 0.306137 0.276924 0.381131 0.276077 0.565567 0.304275 0.867577 0.244874 0.995806 0.0568515 128.435  
0 0 0.166965 0.00605515 0.232413 0.00503343 0.375118 0.0137469 0.607821 0.00779296 0.678791 0.00581746 1 0 0.0497397 0.133808 0.294607 0.278097 0.375994 0.266792 0.542844 0.285608 0.846552 0.237112 0.989989 0.0514023 138.858  
0 0 0.15114 0.00497829 0.215463 0.00119306 0.380044 0.00253875 0.579255 0.0165884 0.692107 0.0252298 1 0 0.0429985 0.118923 0.281612 0.283628 0.383773 0.27574 0.536643 0.294634 0.861688 0.228802 0.998241 0.058942 160.418  
0 0 0.178144 0.00132575 0.257888 0.00268689 0.404428 0.00855743 0.606841 0.00566359 0.705439 0.00684735 1 0 0.0365418 0.115794 0.299143 0.261836 0.40053 0.253418 0.559666 0.272837 0.85267 0.229167 1.00275 0.0569883 177.989  
0 0 0.169582 0.00213759 0.267284 0.00248685 0.394933 0.00476438 0.618379 7.19766e-005 0.673587 0.00545134 1 0 0.0321036 0.122067 0.289212 0.26635 0.389472 0.258014 0.551446 0.281221 0.85664 0.23855 0.995089 0.0525661 166.837  
0 0 0.17481 0.000352263 0.249376 0.00302393 0.374305 0.00125804 0.601516 0.00231433 0.682103 0.0064123 1 0 0.0498784 0.131245 0.286906 0.279103 0.373049 0.276838 0.551379 0.292453 0.854407 0.233258 1.00377 0.0496245 151.7  
0 0 0.159042 0.00126921 0.245127 0.00600331 0.398855 0.00965141 0.609459 0.00818148 0.688074 3.85671e-005 1 0 0.0443986 0.121966 0.290056 0.255177 0.392685 0.248209 0.547986 0.265736 0.843146 0.229455 1.00022 0.0661666 199.54  
0 0 0.180349 0.00424806 0.241989 0.00153208 0.37746 0.0106897 0.559223 0.00765794 0.6604 0.00633748 1 0 0.0503498 0.140588 0.283393 0.298279 0.379488 0.293114 0.540765 0.305076 0.869811 0.253621 1.00365 0.0537412 137.935  
0 0 0.1407 0.0133845 0.24404 0.00892086 0.38893 0.00420225 0.605215 0.00842228 0.686991 0.00107679 1 0 0.0415343 0.109707 0.305956 0.253429 0.39387 0.244269 0.544611 0.265159 0.834695 0.220289 1.00272 0.0418209 180.001  
0 0 0.175122 0.00598331 0.257657 0.00377975 0.386506 0.00974284 0.587642 0.012792 0.67873 0.00265412 1 0 0.0366719 0.122202 0.267057 0.257902 0.384432 0.26399 0.540002 0.278959 0.843981 0.221994 0.989513 0.061084 177.583  
0 0 0.15141 0.00182912 0.246873 0.00454437 0.379095 0.00813492 0.61054 0.00125291 0.670395 0.0118627 1 0 0.0444522 0.113271 0.282795 0.255076 0.380454 0.250982 0.550526 0.267117 0.867055 0.222707 0.993692 0.0586708 138.583  
0 0 0.146973 0.00307945 0.236694 0.00250706 0.383238 0.00276204 0.623662 0.00720222 0.703556 0.00413821 1 0 0.0450649 0.12287 0.272211 0.264473 0.389575 0.255275 0.582126 0.276904 0.851962 0.243027 0.993657 0.0584692 149.522  
0 0 0.197744 0.000744923 0.286147 0.00272212 0.373743 0.0010455 0.592693 0.00370898 0.657294 0.00370724 1 0 0.0362474 0.129559 0.28776 0.263353 0.373198 0.25938 0.538715 0.286604 0.85499 0.236223 0.988852 0.0890081 119.713  
0 0 0.177104 0.00101237 0.253571 0.00364704 0.387415 0.00215442 0.6059 0.00272868 0.702601 0.000261198 1 0 0.0375523 0.121728 0.313004 0.238913 0.389521 0.229755 0.564022 0.262738 0.853906 0.20738 0.995859 0.047158 162.39  
0 0 0.144061 0.00606743 0.233603 0.00321977 0.360666 9.64726e-005 0.627003 0.000434126 0.690742 0.00253068 1 0 0.0431465 0.122211 0.272736 0.265654 0.362299 0.265818 0.55944 0.287586 0.86147 0.248635 0.978569 0.109297 130.382  
0 0 0.168646 0.000823468 0.269291 0.00686741 0.379534 0.00580309 0.588825 0.00173365 0.657529 0.00154203 1 0 0.0419046 0.121476 0.299394 0.251245 0.382978 0.250864 0.53776 0.271256 0.844927 0.248914 0.994637 0.0917038 143.427  
0 0 0.165773 1.82969e-005 0.251161 0.0031454 0.394903 0.00126082 0.60981 0.00663678 0.685859 0.00721896 1 0 0.0469307 0.112198 0.28936 0.26698 0.383978 0.262743 0.55717 0.274231 0.837514 0.232955 0.987014 0.086521 145.714  
0 0 0.174158 0.00490672 0.261733 0.00522272 0.374021 0.00956992 0.569215 0.00419566 0.647773 0.00157434 1 0 0.045453 0.12203 0.273655 0.268158 0.372894 0.262531 0.540413 0.273724 0.834352 0.249471 1.00114 0.0480534 149.878  
0 0 0.196694 0.00464558 0.257382 0.00513636 0.377785 0.00561278 0.601891 0.0102116 0.670092 5.53302e-005 1 0 0.0371233 0.11963 0.280432 0.261707 0.371664 0.254355 0.531303 0.269509 0.854296 0.221553 0.997983 0.0502452 159.956  
0 0 0.172309 0.00499301 0.237688 0.00316476 0.397496 0.00320704 0.654882 0.00531347 0.70732 0.000696129 1 0 0.0581204 0.136477 0.290096 0.283847 0.405556 0.281271 0.562253 0.2989 0.873398 0.253749 0.995336 0.0716191 140.69  
0 0 0.147085 0.00194569 0.235135 0.00140088 0.379343 3.26207e-005 0.624949 0.00136871 0.682062 0.00101532 1 0 0.0395005 0.126111 0.288433 0.27913 0.378863 0.272488 0.553539 0.300333 0.846982 0.254888 0.987158 0.0709306 137.331  
0 0 0.121274 0.00703207 0.211629 0.00224931 0.357675 0.00119243 0.592203 0.000138237 0.668311 0.00309711 1 0 0.0470255 0.112933 0.270426 0.283101 0.364494 0.291766 0.540531 0.303529 0.847466 0.262064 0.994434 0.0733267 125.177  
0 0 0.169138 0.00415685 0.245955 0.00221975 0.378224 0.00584876 0.590285 0.0119216 0.679297 0.00668842 1 0 0.0489703 0.135163 0.272398 0.291939 0.373713 0.301063 0.549113 0.315263 0.855824 0.253986 0.995058 0.0917072 166.624  
0 0 0.149907 0.00299895 0.236656 0.0103147 0.392541 0.00817324 0.606999 0.00427744 0.678043 0.00379239 1 0 0.0324988 0.126579 0.279381 0.289269 0.390228 0.275843 0.571469 0.300302 0.873867 0.246686 0.999249 0.0745948 139.288  
0 0 0.182802 0.00283076 0.255193 0.00206622 0.387229 0.00100163 0.601005 0.00558363 0.684578 0.00442622 1 0 0.0401501 0.112996 0.232053 0.268948 0.37985 0.268837 0.544636 0.280449 0.847422 0.249322 0.970507 0.122008 158.847  
0 0 0.209527 0.00730621 0.275326 0.00825978 0.391644 0.0130148 0.609482 0.00903581 0.681558 0.0112458 1 0 0.0491085 0.110971 0.2881 0.249009 0.388956 0.247951 0.538788 0.266292 0.836103 0.238725 0.986365 0.0654111 173.124  
0 0 0.192302 0.000847325 0.276686 0.00314546 0.401966 0.0036085 0.60802 0.00388097 0.676406 0.00350848 1 0 0.0405793 0.115216 0.325538 0.253782 0.399861 0.251474 0.562104 0.266896 0.831567 0.242504 0.992483 0.0771268 183.043  
0 0 0.15935 0.000188394 0.251747 0.000834443 0.386107 0.00225288 0.629347 0.00093175 0.668693 0.00560872 1 0 0.0460306 0.120372 0.293472 0.256127 0.393023 0.250799 0.578951 0.276552 0.846817 0.235723 0.977665 0.100663 182.466  
0 0 0.163436 0.000244264 0.239612 7.22562e-005 0.391512 0.00160498 0.624206 0.00340819 0.686484 0.00839259 1 0 0.0526412 0.115182 0.310948 0.247454 0.399818 0.243746 0.565328 0.265884 0.838397 0.233135 0.981773 0.0759595 182.312  
0 0 0.153787 0.0082836 0.247093 0.0120304 0.39684 0.0115671 0.646626 0.00566808 0.690166 0.0126473 1 0 0.0484204 0.135097 0.289421 0.28202 0.400931 0.27844 0.565826 0.291558 0.877673 0.251289 0.980761 0.110026 140.459  
0 0 0.179008 0.0011606 0.263326 0.00548917 0.383034 0.00576908 0.616567 0.00271163 0.678588 0.00599627 1 0 0.0418618 0.111508 0.291098 0.261411 0.385119 0.259008 0.536371 0.271962 0.848019 0.23757 0.990741 0.0614221 159.941  
0 0 0.165795 0.00554753 0.255201 0.00655947 0.375942 0.0103618 0.626715 0.0151819 0.676993 0.0242671 1 0 0.0540596 0.129595 0.279486 0.304708 0.364665 0.299381 0.540931 0.327811 0.868268 0.281783 0.991325 0.0734069 115.567  
0 0 0.187405 0.00356543 0.258987 0.00472516 0.397357 0.00134439 0.613689 0.00161429 0.663178 8.52294e-005 1 0 0.045164 0.119553 0.299684 0.248961 0.399066 0.249181 0.57468 0.271777 0.852824 0.228131 0.956474 0.101594 143.02  
0 0 0.158501 0.00397408 0.23373 0.0066766 0.389814 0.0031654 0.64264 0.00631693 0.710043 0.00485823 1 0 0.0310625 0.138619 0.288299 0.291606 0.399489 0.288949 0.567953 0.300439 0.893565 0.252569 0.982622 0.0972701 144.814  
0 0 0.157324 0.000218254 0.246246 0.00113423 0.374955 0.00296269 0.594774 0.00358495 0.656206 0.00289535 1 0 0.0450318 0.113917 0.28663 0.254783 0.388716 0.24998 0.557071 0.266405 0.857501 0.213195 0.988166 0.0673907 158.434  
0 0 0.123223 0.00279467 0.253581 0.00488512 0.37922 0.00250453 0.614073 0.00487782 0.663023 0.00875841 1 0 0.0368055 0.120615 0.278774 0.265732 0.382283 0.259129 0.55084 0.267244 0.86444 0.254699 0.995115 0.0717617 169.494  
0 0 0.161007 3.97613e-005 0.257021 0.00063481 0.382328 0.00141221 0.614802 0.00680467 0.654613 0.00652497 1 0 0.0374463 0.124425 0.294208 0.261455 0.390809 0.260565 0.569685 0.27578 0.86915 0.239769 0.994747 0.084305 146.322  
0 0 0.165327 0.0030493 0.240303 0.00413352 0.376875 0.00272391 0.611773 0.000115785 0.665297 0.00223257 1 0 0.0311996 0.1188 0.284015 0.261789 0.382237 0.251839 0.550709 0.268194 0.851675 0.235124 0.983358 0.0900245 157.527  
0 0 0.182662 0.00490084 0.248946 0.00472877 0.387205 0.00257624 0.60621 0.00251555 0.659351 6.7441e-005 1 0 0.0428254 0.112404 0.266904 0.246483 0.386744 0.250853 0.549587 0.266826 0.848743 0.216393 0.981308 0.0847264 191.654  
0 0 0.152208 0.00265571 0.246518 0.000153837 0.381319 0.00173269 0.603312 0.00398357 0.691769 0.00207815 1 0 0.0357887 0.115033 0.287538 0.252773 0.38582 0.244888 0.549096 0.263896 0.850147 0.23717 0.991987 0.0783739 147.214  
0 0 0.175441 0.00536118 0.255688 0.00395559 0.381734 0.00446524 0.60523 0.000171767 0.681923 0.00035237 1 0 0.0473114 0.128135 0.303819 0.276203 0.390933 0.270826 0.546387 0.2922 0.858216 0.249455 0.980995 0.088624 126.31  
0 0 0.187517 0.00128884 0.259404 0.00222032 0.380008 0.00063739 0.619424 0.00374506 0.668799 0.00372202 1 0 0.0428256 0.122187 0.287483 0.261353 0.380341 0.259071 0.576882 0.282517 0.872571 0.226902 0.99281 0.0703209 119.851  
0 0 0.170926 0.00359445 0.245613 0.00162687 0.394987 0.00170175 0.631079 0.00168868 0.681203 0.000159798 1 0 0.0448598 0.134587 0.330323 0.272184 0.403006 0.264665 0.581453 0.28797 0.880956 0.230327 1.01128 0.0844605 147.754  
0 0 0.167133 0.00790114 0.243581 0.00507461 0.380504 0.00855847 0.636298 0.0031552 0.686268 0.00148557 1 0 0.0508315 0.131618 0.268126 0.280904 0.379215 0.273897 0.564997 0.304476 0.869894 0.257162 0.992368 0.0994281 120.972  
0 0 0.170666 0.00421195 0.254984 0.00632309 0.39209 0.00257953 0.615056 0.00449438 0.683596 8.33105e-005 1 0 0.0475003 0.120867 0.305748 0.244047 0.383957 0.241741 0.55132 0.265604 0.837234 0.232601 0.987813 0.0688071 151.771  
0 0 0.187532 0.00349445 0.305008 0.00461786 0.411872 0.00499601 0.653194 0.00726537 0.692143 0.000326055 1 0 0.0590884 0.14296 0.312463 0.283442 0.395967 0.281307 0.582784 0.294781 0.881454 0.244165 0.96459 0.136577 103.142  
0 0 0.15805 0.00235781 0.262464 0.00970337 0.386763 0.00464886 0.647436 0.00716048 0.711918 0.002084 1 0 0.0510082 0.136214 0.304157 0.279042 0.39293 0.281223 0.567523 0.295427 0.868473 0.239031 0.986013 0.100232 113.954  
0 0 0.172148 0.0120607 0.243923 0.00958399 0.375307 0.00524616 0.597935 0.00511075 0.678223 0.00162909 1 0 0.0510967 0.12713 0.294104 0.277069 0.377438 0.274331 0.584249 0.296535 0.851586 0.243922 0.98814 0.087894 119.884  
0 0 0.162238 0.00501328 0.262341 0.000440481 0.372012 0.0036059 0.603583 0.0010727 0.663355 0.000774297 1 0 0.0416989 0.106251 0.276433 0.248927 0.373735 0.24784 0.556129 0.270162 0.853641 0.237104 0.97311 0.111147 128.581  
0 0 0.169428 0.00595146 0.267055 0.000227644 0.388442 0.000390739 0.620679 0.00244341 0.683163 0.00399561 1 0 0.0480106 0.133267 0.312405 0.280469 0.384217 0.283175 0.575167 0.310705 0.868858 0.257516 0.991029 0.0945287 116.113  
0 0 0.140875 0.00396529 0.243573 0.00118526 0.374028 0.00159595 0.614485 0.000187271 0.674609 0.000440917 1 0 0.0538899 0.133551 0.291602 0.266773 0.374028 0.259544 0.578389 0.294029 0.863182 0.236592 0.971069 0.113695 97.7953  
0 0 0.166198 0.00313068 0.258002 0.000873023 0.369377 0.000413043 0.621725 0.00548757 0.668376 0.0037898 1 0 0.0576728 0.13769 0.280864 0.27674 0.37059 0.276824 0.584366 0.299022 0.86377 0.232266 0.969005 0.104447 91.5883  
0 0 0.141276 0.000150888 0.23351 0.00834315 0.371104 0.00722471 0.622706 0.00839814 0.677154 0.0108984 1 0 0.0523987 0.112659 0.268695 0.282622 0.3774 0.283676 0.546581 0.292499 0.86326 0.249486 0.965969 0.115643 156.466  
0 0 0.191179 0.0049832 0.276036 0.00256858 0.415393 0.00242964 0.630827 0.0041608 0.696374 0.0022231 1 0 0.0484913 0.123095 0.303626 0.28168 0.401848 0.27257 0.569384 0.291549 0.862662 0.246024 0.984677 0.119304 144.89  
0 0 0.173813 0.00177139 0.251816 0.00389328 0.35951 0.00150056 0.590213 0.00109414 0.672336 0.0017312 1 0 0.0427378 0.129287 0.263044 0.269114 0.368325 0.273122 0.549071 0.288709 0.859182 0.240637 0.985291 0.0852063 127.941  
0 0 0.158092 0.00122193 0.22278 0.0033652 0.365377 0.0025677 0.593573 0.00912441 0.663409 0.00742218 1 0 0.0367393 0.115269 0.266925 0.267778 0.361006 0.264092 0.551517 0.275951 0.849556 0.239753 0.985717 0.111699 147.815  
0 0 0.170899 0.00302499 0.251417 0.000553364 0.373257 0.00278356 0.627513 0.00147953 0.676726 0.00651154 1 0 0.047741 0.130337 0.297325 0.266723 0.377111 0.260997 0.563109 0.288106 0.880744 0.234004 0.982539 0.102194 106.4  
0 0 0.142366 0.00176049 0.232899 0.00559728 0.358537 0.00218826 0.626492 0.00736858 0.662508 0.00934759 1 0 0.0523016 0.130484 0.274179 0.268454 0.360295 0.265352 0.586097 0.289494 0.875208 0.232867 0.990318 0.0896438 86.9044  
0 0 0.164657 0.00841622 0.271334 0.00195612 0.379359 0.00710161 0.58397 0.0118678 0.679466 0.00108688 1 0 0.0509615 0.125946 0.304494 0.283003 0.385464 0.273023 0.546957 0.298094 0.859366 0.248296 0.997091 0.0702537 151.076  
0 0 0.157815 0.0041117 0.256078 0.000450971 0.379572 0.00375382 0.611955 0.00174926 0.682199 0.00349907 1 0 0.042262 0.11854 0.291681 0.250578 0.385085 0.236278 0.552205 0.260565 0.839085 0.220755 0.984931 0.0614968 159.815  
0 0 0.173652 0.000714979 0.256808 0.00619775 0.379924 0.00771992 0.620166 0.00531026 0.672611 0.000763801 1 0 0.0443661 0.113777 0.294102 0.249017 0.385785 0.240994 0.565334 0.261555 0.868743 0.219863 0.986015 0.0868382 135.382  
0 0 0.188609 0.00653422 0.262211 0.00172333 0.379714 0.000704479 0.591832 0.00233488 0.664198 0.0024783 1 0 0.0463797 0.12306 0.306119 0.247374 0.377241 0.249227 0.554105 0.268715 0.839514 0.229751 0.974636 0.104515 134.488  
0 0 0.173481 0.00576362 0.256854 0.0055661 0.37293 0.0144787 0.636137 0.00449417 0.666689 0.00489232 1 0 0.0358178 0.118451 0.29662 0.248117 0.373677 0.245097 0.567182 0.283033 0.85271 0.23188 0.972763 0.114635 126.71  
0 0 0.149835 0.00128151 0.269898 0.00378038 0.410786 0.00320805 0.653249 0.00912345 0.69322 0.00683127 1 0 0.0522755 0.122403 0.321539 0.268081 0.402471 0.269615 0.567814 0.284769 0.864215 0.234042 0.979716 0.107789 125.376  
0 0 0.141572 0.004683 0.230655 0.000223761 0.3774 0.0038146 0.622627 0.000165157 0.687587 0.000639318 1 0 0.0379435 0.139425 0.285432 0.293764 0.379941 0.298173 0.55183 0.320056 0.866369 0.255085 0.989427 0.0766409 106.492  
0 0 0.173122 0.00584562 0.242159 0.00581939 0.362794 0.00560465 0.587301 0.00429482 0.666112 0.004666 1 0 0.0456121 0.139478 0.265836 0.285048 0.360935 0.280622 0.526635 0.313207 0.843791 0.256469 0.973038 0.116814 107.536  
0 0 0.180983 0.00189122 0.273435 0.000890087 0.382166 0.00136014 0.619804 0.00384178 0.680333 0.00156359 1 0 0.0498052 0.123372 0.293616 0.249027 0.387352 0.246417 0.573894 0.270168 0.85677 0.229152 0.973308 0.101561 129.857  
0 0 0.146352 0.0120084 0.230851 0.0182929 0.366285 0.0165108 0.612446 0.0100738 0.668237 0.00667334 1 0 0.0493636 0.143508 0.287839 0.296171 0.363733 0.299036 0.535209 0.317233 0.856837 0.252464 0.979115 0.112154 101.605  
0 0 0.170253 0.0050688 0.259616 0.00290923 0.393512 0.00354006 0.611789 0.00415151 0.675575 0.00472631 1 0 0.0481503 0.134097 0.302706 0.297465 0.387274 0.297925 0.562542 0.304527 0.880365 0.23203 0.974192 0.105368 153.313  
0 0 0.158426 0.00221985 0.23337 0.00295894 0.366854 0.000988042 0.595791 0.0131908 0.666569 0.00986097 1 0 0.0520058 0.130809 0.278779 0.297512 0.358975 0.301488 0.531252 0.312651 0.84022 0.271512 0.990136 0.0976301 115.541  
0 0 0.158856 0.00469566 0.247613 0.00334144 0.39427 0.00635252 0.590517 0.00740775 0.678721 0.00271866 1 0 0.05013 0.117454 0.28287 0.282591 0.381887 0.275949 0.548546 0.305506 0.853842 0.266628 0.973399 0.127135 124.266  
0 0 0.180303 0.000523646 0.230158 0.00167586 0.382704 0.00499295 0.625782 0.006064 0.670481 0.00347348 1 0 0.0404714 0.12982 0.309517 0.263972 0.387269 0.262862 0.555969 0.279012 0.86813 0.237162 0.986365 0.0813235 143.154  
0 0 0.173655 0.00460672 0.265641 0.000775737 0.382348 0.00404757 0.612432 0.00659806 0.684697 0.00137209 1 0 0.037203 0.118947 0.293246 0.25975 0.385735 0.24899 0.560841 0.279735 0.86886 0.219396 0.995153 0.0772598 150.354  
0 0 0.173015 0.0021815 0.244645 0.00533738 0.393122 0.00439094 0.59499 0.00869784 0.656951 0.00569966 1 0 0.0495163 0.130486 0.301584 0.268649 0.381558 0.266235 0.555047 0.289442 0.849335 0.240462 0.978408 0.105016 147.094  
0 0 0.183771 0.00390389 0.264102 0.00656558 0.367813 0.00399283 0.620634 0.0074532 0.653606 0.0075041 1 0 0.0464874 0.132188 0.291324 0.272168 0.376179 0.272223 0.561829 0.290643 0.882555 0.225025 0.975258 0.0805493 106.834  
