0 0 0.12742 0.0080508 0.23888 0.00427868 0.426804 0.00491189 0.601666 0.00831916 0.742242 0.0133517 1 0 0.00370126 0.116605 0.185101 0.269767 0.411981 0.317337 0.570277 0.314847 0.866981 0.256959 1.03051 0.136092 144.98  
0 0 0.164144 0.00522623 0.235124 0.00499029 0.443837 0.000243533 0.603723 5.3169e-005 0.733175 0.00495849 1 0 0.0165004 0.129014 0.185669 0.257096 0.413756 0.323677 0.567833 0.304351 0.86485 0.245347 1.0227 0.124787 150.307  
0 0 0.125798 0.000734563 0.232287 0.00261363 0.430342 0.00173174 0.600714 0.00631475 0.725216 0.00494925 1 0 0.0261507 0.112599 0.183923 0.251948 0.396103 0.302034 0.578069 0.310671 0.891257 0.236434 1.02318 0.0970922 164.48  
0 0 0.138839 0.00194009 0.252676 0.00252046 0.445566 0.00137423 0.596025 0.00153591 0.706588 0.00209555 1 0 0.0303129 0.137156 0.206139 0.264387 0.422319 0.328346 0.572382 0.295519 0.864901 0.241069 1.01079 0.117619 121.999  
0 0 0.146591 0.00492337 0.234332 0.00156066 0.422539 0.000954969 0.59317 0.00230702 0.727188 0.0058995 1 0 0.0201732 0.116462 0.172085 0.26916 0.416082 0.337592 0.578077 0.315292 0.88317 0.241075 1.01809 0.100225 143.657  
0 0 0.135383 0.00247558 0.229449 0.0144814 0.426829 0.00151917 0.621674 0.00222489 0.70202 0.0145512 1 0 0.0276058 0.109979 0.180563 0.249185 0.38744 0.312317 0.569301 0.315443 0.884511 0.25404 1.01765 0.114544 186.512  
0 0 0.155343 0.000125588 0.2537 0.00718178 0.429437 0.00352112 0.625714 0.00146403 0.735637 0.00257921 1 0 0.0192284 0.116289 0.205628 0.25418 0.416093 0.285922 0.579419 0.291239 0.884876 0.235375 1.01489 0.105946 186.234  
0 0 0.111839 0.00231786 0.214742 0.00126812 0.427409 0.00452377 0.589315 0.00532391 0.704482 0.00578822 1 0 0.0192632 0.11351 0.179433 0.265266 0.409427 0.322157 0.564878 0.295474 0.859042 0.250853 1.00855 0.132912 126.254  
0 0 0.147821 0.00249526 0.260887 0.00812851 0.454905 0.00607629 0.609256 0.00791466 0.71414 0.00442578 1 0 0.0263621 0.128802 0.188322 0.259522 0.428833 0.340234 0.583174 0.321477 0.864419 0.267392 1.0117 0.141845 155.334  
0 0 0.152888 0.00531472 0.251243 0.00460735 0.442872 0.00379813 0.633188 0.0105956 0.74747 0.00144211 1 0 0.0187014 0.108814 0.234434 0.278881 0.416535 0.292844 0.571381 0.294117 0.886108 0.243656 1.01715 0.114527 163.698  
0 0 0.1144 0.0140386 0.226643 0.00885393 0.432513 4.96523e-005 0.60049 0.000833654 0.70546 0.000111178 1 0 0.0260226 0.124144 0.17122 0.249237 0.413927 0.313755 0.580052 0.313778 0.883038 0.251655 1.01472 0.113401 175.266  
0 0 0.190067 0.0126977 0.276882 0.00654801 0.436504 0.00645559 0.605667 0.0013863 0.735411 0.000901892 1 0 0.0331576 0.149358 0.228071 0.27948 0.417543 0.352364 0.581211 0.288326 0.869201 0.231053 1.00432 0.108611 70.2284  
0 0 0.191554 0.000312411 0.278208 0.00260505 0.427223 0.0025625 0.632466 0.00137364 0.745154 0.00148183 1 0 0.0379932 0.197798 0.207987 0.309201 0.444308 0.439814 0.587803 0.299012 0.864054 0.21272 1.02595 0.109104 29.1167  
0 0 0.188747 0.00355972 0.27949 0.000377531 0.431721 0.0013635 0.589005 0.00112646 0.7513 0.00427391 1 0 0.0264481 0.139765 0.198679 0.263043 0.415653 0.342753 0.563666 0.291513 0.831659 0.229058 1.00364 0.11151 94.4959  
0 0 0.198336 0.00205676 0.290464 0.00187133 0.427923 0.00083992 0.617388 0.000200323 0.733243 0.00292096 1 0 0.0334362 0.152283 0.200989 0.283721 0.410174 0.373223 0.571664 0.300795 0.867035 0.256667 1.00854 0.129262 73.7082  
0 0 0.174554 0.00950335 0.236647 0.0101555 0.419881 0.00550047 0.606071 0.000806146 0.737657 0.00275106 1 0 0.0201193 0.120491 0.213743 0.261186 0.397081 0.294897 0.564014 0.279729 0.885135 0.242775 1.05501 0.0875824 119.602  
0 0 0.168397 0.00351368 0.26114 0.00313044 0.425755 0.00270123 0.62439 0.00143628 0.735641 0.00298478 1 0 0.0247026 0.136018 0.197436 0.263884 0.402259 0.331475 0.571879 0.282753 0.854262 0.234997 0.999525 0.110921 79.2093  
0 0 0.163124 0.00628003 0.250703 0.00434651 0.435355 0.000143399 0.60108 0.00241662 0.69764 0.00144847 1 0 0.0369409 0.126119 0.196571 0.268145 0.42878 0.336185 0.585226 0.30531 0.86728 0.259148 1.02354 0.119014 139.874  
0 0 0.143535 0.005402 0.237313 0.00365324 0.430571 0.000662028 0.602071 0.000729681 0.713475 0.0016301 1 0 0.0189108 0.120201 0.198436 0.260879 0.411655 0.313208 0.556726 0.31088 0.867354 0.225377 1.02175 0.113731 138.625  
0 0 0.186902 0.00100935 0.232296 0.00549864 0.437771 0.00191569 0.59975 0.00525426 0.72699 0.00432317 1 0 0.0252203 0.127797 0.214682 0.257959 0.410013 0.297447 0.554088 0.279206 0.856819 0.247977 1.02389 0.12081 111.725  
0 0 0.178085 0.0038058 0.284198 0.00650686 0.445733 0.00334593 0.616027 0.00104659 0.707437 0.00782567 1 0 0.0213482 0.125149 0.231514 0.27309 0.419066 0.322568 0.571879 0.29575 0.880312 0.250941 1.04869 0.124758 113.203  
0 0 0.178078 0.00339709 0.269577 0.00666301 0.441488 0.00815141 0.59611 0.00639799 0.721653 0.00624808 1 0 0.0185675 0.136609 0.182074 0.264367 0.39441 0.308019 0.578519 0.309829 0.859571 0.250173 1.01109 0.101122 107.816  
0 0 0.16638 0.000285386 0.251006 0.00299999 0.426534 0.00269891 0.611202 0.00276364 0.722128 0.000476625 1 0 0.0143032 0.130646 0.188974 0.269009 0.398809 0.315899 0.572904 0.301595 0.859634 0.246706 1.01429 0.120062 139.172  
0 0 0.168018 0.00108089 0.26665 0.00292202 0.441979 0.00465326 0.595342 0.00151196 0.719489 0.00130923 1 0 0.0189817 0.143217 0.190647 0.272834 0.408338 0.338552 0.571203 0.29696 0.868469 0.252717 1.01609 0.104102 110.937  
0 0 0.192083 0.0053798 0.276147 0.00463587 0.415959 0.00339859 0.593837 0.00359436 0.707142 0.00701644 1 0 0.0274393 0.155771 0.198626 0.281413 0.411523 0.357177 0.542079 0.299973 0.842451 0.24502 0.999538 0.10751 59.3212  
0 0 0.159511 0.00235657 0.260605 0.00187723 0.446747 0.00775642 0.632373 0.00495906 0.721303 0.000142238 1 0 0.0317079 0.154047 0.220934 0.282167 0.445871 0.343685 0.59088 0.290544 0.88943 0.234902 1.01501 0.128842 106.973  
0 0 0.127622 0.00570112 0.251829 0.00265157 0.417492 0.000414158 0.587823 0.00285715 0.712577 0.00149361 1 0 0.0275697 0.128585 0.182164 0.258692 0.387752 0.337806 0.569791 0.294324 0.839303 0.249731 1.0069 0.122769 130.418  
0 0 0.152776 0.00553829 0.214402 0.00547447 0.430874 0.00887532 0.602799 0.00248286 0.725529 0.00126932 1 0 0.0196749 0.117819 0.175561 0.282503 0.408341 0.352947 0.588041 0.328858 0.903933 0.267743 1.04143 0.1116 162.526  
0 0 0.169241 0.0138872 0.268192 0.0134174 0.432211 0.0132005 0.596149 0.00915811 0.695624 0.00758375 1 0 0.0167498 0.13184 0.192101 0.283343 0.39559 0.334219 0.584382 0.319504 0.877846 0.247093 1.01695 0.10305 135.429  
0 0 0.183974 0.00267911 0.264288 0.00288209 0.439135 0.00115166 0.589401 0.00169856 0.735082 0.00157819 1 0 0.0304348 0.127611 0.209522 0.263924 0.427798 0.322834 0.581977 0.298148 0.856266 0.254846 1.0298 0.0990837 148.568  
0 0 0.177689 0.000388587 0.249038 0.00178901 0.440341 0.000672458 0.586266 0.00241479 0.723745 0.00161238 1 0 0.0343887 0.143956 0.189056 0.265878 0.410826 0.325233 0.569068 0.298641 0.860579 0.249675 1.00556 0.0914385 128.566  
0 0 0.182177 0.00194969 0.277993 0.00309796 0.437758 0.00304202 0.656832 0.00075526 0.760878 0.00187836 1 0 0.0398085 0.151341 0.227895 0.261252 0.407578 0.362142 0.577541 0.275082 0.862055 0.203602 0.99973 0.104132 49.3209  
0 0 0.191004 0.00429702 0.288866 0.000399631 0.454262 0.001464 0.597916 0.0056898 0.743235 0.00384991 1 0 0.0301148 0.183272 0.248468 0.334497 0.447257 0.40281 0.560902 0.299524 0.85562 0.220179 0.997181 0.102561 29.695  
0 0 0.170232 0.00264504 0.266298 0.00182022 0.433446 0.00126165 0.614991 0.000859329 0.761852 0.00211252 1 0 0.0337661 0.161057 0.219082 0.278024 0.404025 0.333397 0.582293 0.284437 0.87288 0.237331 1.01494 0.125073 74.5314  
0 0 0.157272 0.0147093 0.258312 0.00515222 0.447665 0.00477636 0.625525 0.00317668 0.727766 0.0014855 1 0 0.0208568 0.138237 0.207487 0.27526 0.428616 0.317615 0.582279 0.277678 0.883247 0.241681 1.03085 0.112523 128.444  
0 0 0.162225 0.00707367 0.266099 0.000709052 0.441885 0.00388523 0.609025 0.00841673 0.765514 0.00319226 1 0 -0.011086 0.149742 0.206165 0.280036 0.404563 0.315607 0.574349 0.301072 0.887372 0.243826 1.03771 0.0903045 123.517  
0 0 0.15748 0.00394921 0.251094 0.00371706 0.420334 0.000422402 0.6218 0.00898153 0.717271 0.0104582 1 0 0.0251106 0.144757 0.226917 0.272777 0.419103 0.314305 0.579342 0.285486 0.879717 0.247987 1.01644 0.112522 123.013  
0 0 0.197695 0.00999475 0.272325 0.00368957 0.432415 0.0061151 0.631534 0.000743399 0.736418 0.00220578 1 0 0.0381346 0.133728 0.207009 0.264286 0.429882 0.315212 0.587149 0.289952 0.876761 0.231417 1.01136 0.108824 124.632  
0 0 0.157484 0.0049852 0.247241 0.00178727 0.430317 0.0020027 0.620013 0.00207132 0.741791 0.00025692 1 0 0.0130933 0.133792 0.222038 0.271053 0.418346 0.317755 0.585277 0.282261 0.874561 0.24038 1.02772 0.0918975 106.42  
0 0 0.174689 0.00147766 0.265374 0.000980911 0.430929 0.00189996 0.620844 0.00512015 0.714545 0.000262268 1 0 0.0234237 0.146383 0.204209 0.28153 0.412677 0.332319 0.59068 0.291563 0.890745 0.247123 1.01492 0.0538583 110.006  
0 0 0.151213 0.00508468 0.259776 0.00288688 0.479143 0.000514997 0.654931 0.00087767 0.74058 0.00652813 1 0 0.0336597 0.139176 0.214735 0.27169 0.429329 0.320107 0.635941 0.295173 0.923741 0.196431 1.00621 0.0887825 171.253  
0 0 0.140272 0.00578629 0.247326 0.00952201 0.44975 0.0156908 0.617128 0.0167208 0.674375 0.0139962 1 0 0.0187799 0.123055 0.203962 0.271946 0.406699 0.315965 0.600175 0.288553 0.882751 0.228388 1.00894 0.102497 125.487  
0 0 0.107293 0.0048199 0.220046 0.0112134 0.44263 0.0055239 0.613067 0.0102007 0.725157 0.00571413 1 0 0.0184766 0.132839 0.189967 0.258644 0.402052 0.315958 0.586855 0.30953 0.878399 0.240318 1.01178 0.105917 158.217  
0 0 0.161266 0.000922755 0.269577 0.00422306 0.439082 0.00681675 0.592109 0.00606857 0.741063 0.00550328 1 0 0.0163851 0.173303 0.200192 0.292908 0.408622 0.412147 0.577761 0.29578 0.855348 0.20922 1.00204 0.118404 38.2979  
0 0 0.120247 0.00316792 0.220276 0.00555097 0.422861 0.00510431 0.611382 0.00138506 0.75867 0.00973674 1 0 0.0186661 0.114781 0.188685 0.246361 0.425523 0.290622 0.587402 0.274591 0.872348 0.233316 1.01293 0.117061 163.174  
0 0 0.174026 0.0100216 0.255404 0.0149298 0.442436 0.00672122 0.608073 0.00312284 0.69729 0.00566519 1 0 0.030869 0.13983 0.213838 0.268819 0.409322 0.315795 0.608215 0.304588 0.903902 0.2198 1.00962 0.0873606 160.983  
0 0 0.117602 0.00299578 0.226081 0.00767255 0.437199 0.00238324 0.607529 0.00739128 0.720363 0.00485693 1 0 0.0230665 0.110923 0.18738 0.243159 0.411734 0.294068 0.58906 0.293788 0.87228 0.239241 1.00786 0.092505 160.178  
0 0 0.135267 0.00184301 0.226013 0.00037221 0.438169 0.00541675 0.61792 0.000169065 0.714422 0.00825811 1 0 0.0251562 0.113886 0.189017 0.249722 0.413 0.312431 0.602607 0.297986 0.895943 0.227747 1.00777 0.0875642 167.914  
0 0 0.176845 0.011172 0.286838 0.00461868 0.439327 0.00666514 0.624698 0.00821927 0.715979 0.00332422 1 0 0.0212533 0.137741 0.213709 0.255378 0.402492 0.30413 0.572276 0.29761 0.867339 0.246883 1.0323 0.106859 176.927  
0 0 0.0876975 0.00177701 0.204439 0.00126275 0.405215 0.00429145 0.594854 0.0068261 0.702941 0.00615849 1 0 -0.0097373 0.107535 0.128203 0.275459 0.370046 0.319641 0.562424 0.318781 0.874929 0.245488 1.01509 0.0849009 163.409  
0 0 0.156095 0.00499243 0.248401 0.00477831 0.416874 0.00231778 0.595587 0.00171298 0.728204 0.000142748 1 0 0.0264497 0.146863 0.192344 0.280202 0.399282 0.342425 0.576983 0.297393 0.863018 0.250486 1.00842 0.120145 105.139  
0 0 0.160559 0.00536102 0.260963 0.00316876 0.440378 0.0069719 0.61825 0.00211277 0.763512 0.00341971 1 0 0.0214125 0.11748 0.191135 0.266564 0.412075 0.319819 0.603215 0.310894 0.879968 0.256355 1.01605 0.121554 177.531  
0 0 0.145613 0.00825 0.253134 0.0103006 0.433227 0.00934098 0.605151 0.0055447 0.718011 3.39126e-005 1 0 0.0248548 0.136133 0.217101 0.252275 0.409589 0.318056 0.566541 0.295638 0.863573 0.224638 1.02006 0.126765 129.446  
0 0 0.147901 0.00427893 0.241277 0.00337055 0.425133 0.00690126 0.601153 0.00491982 0.744963 0.00584091 1 0 0.0288364 0.134851 0.193785 0.273235 0.413684 0.321895 0.571573 0.320474 0.886428 0.255496 1.02513 0.0500285 189.798  
0 0 0.131626 0.000640588 0.215425 0.000215579 0.409083 0.00267491 0.563417 0.00316911 0.709471 0.00269428 1 0 0.0219605 0.10925 0.180725 0.267904 0.390252 0.314719 0.567904 0.32653 0.863902 0.272999 1.02287 0.0983661 181.058  
0 0 0.162805 0.00465606 0.260804 0.00513129 0.422025 0.00293887 0.58272 0.00180046 0.703372 0.000156284 1 0 0.0329294 0.131718 0.197839 0.265017 0.405427 0.324025 0.565858 0.312435 0.863277 0.262383 1.02134 0.138043 148.302  
0 0 0.144907 0.00611932 0.267077 0.0030721 0.433505 0.00272081 0.61792 0.000902391 0.749012 0.000596569 1 0 0.00559526 0.146356 0.184874 0.273132 0.419439 0.333757 0.588565 0.320021 0.89529 0.263786 1.06832 0.12459 181.557  
0 0 0.173905 0.00168766 0.262194 0.00274897 0.430674 0.00144293 0.610758 0.00240912 0.709116 0.00224343 1 0 0.0282612 0.124233 0.223896 0.270983 0.413758 0.307979 0.582666 0.289045 0.883219 0.242255 1.01597 0.0948972 137.139  
0 0 0.159818 0.00520242 0.240738 0.00128057 0.421882 0.00327355 0.609696 0.00249702 0.702032 0.00356208 1 0 0.0254243 0.131003 0.204146 0.261841 0.397757 0.307855 0.560261 0.28502 0.848158 0.244753 0.999332 0.116386 132.675  
0 0 0.169168 0.00363595 0.241397 0.00259503 0.43383 0.00133322 0.623219 0.00207164 0.741402 0.00183749 1 0 0.0330678 0.131067 0.210104 0.256329 0.423229 0.309347 0.575736 0.277281 0.860604 0.238649 1.01553 0.0955565 133.093  
0 0 0.133189 0.0236037 0.236008 0.0128663 0.440737 0.016347 0.627312 0.00582228 0.738577 0.000605526 1 0 0.017324 0.135364 0.196379 0.293223 0.433372 0.33586 0.598127 0.316197 0.906096 0.241738 1.00656 0.0949575 220.149  
0 0 0.163343 0.00223967 0.277975 0.00168166 0.4427 0.00100121 0.609686 0.00647201 0.718006 0.00930168 1 0 0.0222154 0.129389 0.214939 0.253514 0.42946 0.309182 0.583577 0.296496 0.864661 0.243586 1.02507 0.0872347 184.865  
0 0 0.130136 0.00838975 0.213047 0.000324755 0.426535 0.00459703 0.609697 0.0160795 0.70793 0.00216207 1 0 0.0191946 0.124837 0.186266 0.253061 0.425493 0.297955 0.58891 0.285392 0.878872 0.229882 1.01903 0.0934932 232.818  
0 0 0.180913 0.00964277 0.258879 0.0103581 0.444951 0.0106239 0.586333 0.0131545 0.720396 0.0053206 1 0 0.0389828 0.158545 0.208444 0.270822 0.400727 0.371635 0.580081 0.303031 0.86695 0.200625 0.991678 0.0982225 53.4786  
0 0 0.138857 0.00383134 0.226427 0.00105091 0.411236 0.0164955 0.580936 0.00650342 0.743549 0.0055756 1 0 0.00343947 0.125808 0.193987 0.27001 0.399066 0.329509 0.562375 0.319894 0.897761 0.24154 1.029 0.0815488 164.893  
0 0 0.178629 0.00111965 0.286809 0.00450966 0.471192 0.00308275 0.612061 0.00908964 0.727586 0.00378517 1 0 0.0237318 0.141961 0.220194 0.268765 0.441866 0.311892 0.594783 0.313229 0.882207 0.271967 1.03816 0.132189 154.899  
0 0 0.150966 0.00797023 0.235751 0.00179991 0.45808 0.000771022 0.622522 0.00325142 0.722535 0.00591954 1 0 0.0213179 0.120418 0.205649 0.245239 0.422173 0.309627 0.601652 0.28578 0.87493 0.232994 1.01135 0.0683289 181.117  
0 0 0.160819 0.00462508 0.229591 0.00377602 0.440617 0.000307417 0.597259 0.00534672 0.719281 0.000393353 1 0 0.010864 0.133326 0.198907 0.263371 0.398651 0.332321 0.582611 0.318802 0.854416 0.259319 1.03137 0.0966592 131.794  
0 0 0.152299 0.00574713 0.271729 0.000472367 0.458392 0.00271611 0.605141 0.00314911 0.744686 0.00555031 1 0 0.0271217 0.190246 0.201012 0.294442 0.397674 0.419481 0.567962 0.310719 0.844749 0.224886 1.00004 0.105023 31.5081  
0 0 0.156729 0.00755923 0.247096 0.0105713 0.420546 0.00912145 0.594045 0.00398212 0.72315 0.00749456 1 0 0.0111397 0.167797 0.180841 0.308918 0.383688 0.432608 0.554407 0.335702 0.843176 0.225055 0.990705 0.0830358 31.1963  
0 0 0.170792 0.00530787 0.262013 0.000303849 0.435134 0.0031556 0.573965 0.000158255 0.741317 0.00346895 1 0 0.0311841 0.194152 0.186494 0.318333 0.38781 0.444611 0.548385 0.32366 0.827988 0.238764 1.00527 0.109533 32.2245  
0 0 0.136611 0.0122274 0.238894 0.00300197 0.423824 0.0104809 0.610776 0.00532729 0.736845 0.00148901 1 0 0.00419956 0.181742 0.176497 0.307471 0.392914 0.403335 0.562125 0.316243 0.850885 0.221492 0.994491 0.0891069 41.1599  
0 0 0.168232 0.00245103 0.258649 0.00330584 0.449333 0.00420926 0.588952 0.000370045 0.729529 0.00165553 1 0 0.0163148 0.1296 0.201942 0.267352 0.423519 0.324658 0.582006 0.310273 0.856986 0.260264 1.02883 0.105827 170.52  
0 0 0.175156 0.00198249 0.269971 0.00308773 0.430735 0.00505731 0.587577 0.0012684 0.700121 0.00205039 1 0 0.021334 0.137204 0.213128 0.279656 0.405999 0.320939 0.592305 0.329261 0.873326 0.238388 1.01109 0.122236 168.504  
0 0 0.157883 0.00125638 0.234136 0.00609356 0.415012 0.00256062 0.571183 0.000775745 0.714383 0.00275263 1 0 0.0184493 0.119136 0.176119 0.248507 0.401588 0.330192 0.570135 0.307572 0.836037 0.261554 1.01297 0.129399 141.051  
0 0 0.159237 0.00836878 0.232453 0.00014582 0.435841 0.000841809 0.558933 0.0012525 0.716422 0.000212742 1 0 0.0252314 0.137906 0.190894 0.262765 0.39449 0.3487 0.57836 0.32995 0.849377 0.271521 1.02917 0.129468 136.875  
