0 0 0.185663 0.00422923 0.3097 0.000449649 0.438001 0.00177706 0.701743 0.00478148 0.753522 0.00410004 1 0 0.0349656 0.166058 0.257262 0.302409 0.433986 0.404239 0.643583 0.29502 0.891481 0.200985 0.986294 0.0956238 36.1046  
0 0 0.175963 0.00790239 0.251659 0.00303122 0.386747 0.00956404 0.66441 0.00214563 0.769617 0.00753219 1 0 0.0402808 0.131153 0.252292 0.248097 0.440052 0.300496 0.620804 0.245848 0.882666 0.227134 0.992215 0.112454 182.507  
0 0 0.162731 0.0040139 0.230083 0.00740897 0.369612 0.000778166 0.617528 0.00922594 0.754706 0.00744336 1 0 0.0111595 0.116362 0.209427 0.254771 0.418829 0.33012 0.612474 0.260303 0.882586 0.21619 0.98652 0.112749 167.897  
0 0 0.153322 0.0041271 0.229854 0.000762132 0.388962 0.0118412 0.64559 0.00571878 0.778118 0.00560714 1 0 0.0252665 0.137819 0.234724 0.266677 0.439527 0.345017 0.62562 0.271938 0.906225 0.214977 1.00005 0.105637 170.864  
0 0 0.215772 0.00926715 0.298647 0.0066369 0.451538 0.00357508 0.651037 0.00683703 0.772401 0.00577784 1 0 0.0413884 0.1826 0.275294 0.325009 0.447769 0.415368 0.649354 0.315669 0.892642 0.201286 0.990672 0.104423 34.4872  
0 0 0.172918 0.00221857 0.300588 0.00671385 0.446917 0.00708684 0.666793 0.00253828 0.759629 0.0017487 1 0 0.0240144 0.177328 0.272667 0.331047 0.445773 0.416205 0.646486 0.328257 0.911574 0.218004 0.997462 0.0978497 32.302  
0 0 0.1796 0.00346293 0.314622 0.00542483 0.439447 0.00860864 0.641983 0.0109146 0.762999 0.0115312 1 0 0.0401263 0.189801 0.291062 0.326142 0.440132 0.387917 0.615891 0.30383 0.894894 0.19747 0.994895 0.0872654 31.3468  
0 0 0.208237 0.0101799 0.311055 0.00658634 0.451256 0.00314255 0.651536 6.0605e-005 0.751662 0.00167555 1 0 0.0360502 0.20624 0.277005 0.343127 0.451245 0.417868 0.645533 0.331084 0.903206 0.212272 1.00537 0.0881107 30.4935  
0 0 0.202292 0.011141 0.347149 0.0140227 0.46756 0.0135464 0.651766 0.0154213 0.787125 0.00935349 1 0 0.0562988 0.190431 0.300733 0.329812 0.465242 0.403855 0.650833 0.329903 0.898402 0.209424 0.991231 0.0822884 32.2904  
0 0 0.202047 0.0040543 0.283001 0.00180289 0.44494 0.00149169 0.646887 0.00106215 0.759423 0.00185402 1 0 0.0278571 0.178889 0.271455 0.317855 0.446803 0.409246 0.622118 0.294932 0.887615 0.21705 0.998587 0.0942775 33.4406  
0 0 0.198221 0.00309442 0.317939 0.00279637 0.463165 0.00162903 0.659138 0.00464309 0.75459 0.00198843 1 0 0.0385298 0.175432 0.293925 0.321195 0.454254 0.407032 0.643883 0.313895 0.899715 0.210404 1.00178 0.0798625 33.2149  
0 0 0.189374 0.00612315 0.290227 0.0047416 0.429644 0.000341122 0.613969 0.00155211 0.752192 0.000903974 1 0 0.0529081 0.191182 0.295796 0.310055 0.440244 0.386057 0.623955 0.298235 0.888547 0.205484 1.00499 0.0927767 31.8984  
0 0 0.153744 0.00603089 0.215459 0.00440432 0.375829 0.00323126 0.651555 0.00497942 0.746861 0.00188044 1 0 0.0270224 0.136696 0.224948 0.264448 0.424165 0.337638 0.617088 0.253893 0.892712 0.212321 1.00018 0.0803732 117.292  
0 0 0.159153 0.00202836 0.239087 0.000983655 0.365303 0.00539703 0.641106 0.00169409 0.74519 0.00298874 1 0 0.0270349 0.127818 0.221688 0.253753 0.386771 0.32157 0.619307 0.240211 0.891817 0.221151 1.00015 0.0732305 196.241  
0 0 0.211372 0.0116204 0.284118 0.00698485 0.45651 0.0023199 0.672101 0.00598701 0.774201 0.0049752 1 0 0.0715206 0.189035 0.298451 0.30375 0.451653 0.361231 0.643384 0.271009 0.894267 0.184764 0.990084 0.0817303 33.2369  
0 0 0.19254 0.00458035 0.268091 0.00379569 0.410815 0.00549371 0.662902 0.00133931 0.755548 0.00233434 1 0 0.0250226 0.131546 0.220437 0.261638 0.405152 0.335505 0.653293 0.288101 0.917115 0.218708 1.00952 0.0998174 166.316  
0 0 0.142676 0.0175001 0.239256 0.0115574 0.399693 0.00148046 0.648398 0.00505323 0.75723 0.0148659 1 0 0.0158985 0.121691 0.218088 0.262619 0.419456 0.357881 0.634617 0.290352 0.912876 0.219077 1.00448 0.0828768 140.293  
0 0 0.171688 0.00291784 0.27364 0.000640722 0.403708 0.000865576 0.692 0.00079263 0.805424 0.00311449 1 0 0.0306065 0.141637 0.24265 0.276752 0.458591 0.374184 0.661364 0.28132 0.916799 0.225115 1.01288 0.102833 91.8021  
0 0 0.195191 0.0100222 0.285052 0.00769027 0.406195 0.00152903 0.656049 0.00168371 0.773824 0.00526588 1 0 0.0252632 0.134639 0.25366 0.270821 0.453663 0.351259 0.627488 0.281923 0.895022 0.23254 1.00283 0.110088 101.899  
0 0 0.179058 0.00701515 0.257246 0.0021836 0.415478 0.00243636 0.677517 0.00191598 0.767884 0.00249269 1 0 0.033127 0.151066 0.255335 0.28395 0.428802 0.364456 0.648608 0.293343 0.916795 0.226479 1.01255 0.114451 95.1969  
0 0 0.194874 0.00378141 0.284598 0.00296624 0.437901 0.00182133 0.647662 0.00205964 0.782552 0.00506366 1 0 0.0228828 0.152105 0.235309 0.271242 0.438808 0.368097 0.646757 0.296203 0.907618 0.205293 1.01367 0.101298 86.4283  
0 0 0.175384 0.00343303 0.250769 0.00144762 0.374013 0.00255884 0.655681 0.000908272 0.775339 0.004663 1 0 0.0320424 0.130232 0.236375 0.256917 0.433492 0.31821 0.609924 0.261568 0.906128 0.211568 0.998847 0.104906 158.524  
0 0 0.167627 0.000653396 0.251189 0.00194385 0.385527 0.0020722 0.641575 0.00297995 0.801036 0.00723637 1 0 0.0434975 0.14444 0.220548 0.262334 0.452685 0.317422 0.607991 0.264967 0.8986 0.207966 1.00092 0.088142 150.102  
0 0 0.187817 0.00162634 0.281751 0.00275984 0.42339 0.00512543 0.662363 0.00123207 0.783007 0.000936376 1 0 0.0333153 0.149229 0.268986 0.292174 0.455645 0.376497 0.664704 0.277808 0.89414 0.201148 1.01065 0.0748608 79.4646  
0 0 0.163079 0.00290563 0.236955 0.000755139 0.387329 0.00226041 0.634591 0.000141633 0.783013 0.00281574 1 0 0.0355285 0.120703 0.23533 0.244648 0.412141 0.304525 0.61384 0.245489 0.890989 0.199558 0.996015 0.0725535 178.203  
0 0 0.136505 0.00701008 0.251176 0.0140434 0.369377 0.00595338 0.660283 0.00324775 0.743862 0.00208375 1 0 0.0333312 0.123157 0.220473 0.239983 0.412975 0.315467 0.628762 0.252766 0.893962 0.207199 0.996634 0.0909824 181.52  
0 0 0.16804 0.00923386 0.26077 0.00502345 0.400534 0.0046293 0.668125 0.000867176 0.757102 0.00218089 1 0 0.0279164 0.141215 0.2351 0.275256 0.443698 0.364203 0.621952 0.284612 0.885839 0.233992 1.00668 0.108755 108.082  
0 0 0.204558 0.00143564 0.289087 0.00435834 0.426905 0.00331414 0.644696 0.0047099 0.74691 0.00290748 1 0 0.0239047 0.144282 0.236787 0.278298 0.422253 0.38772 0.633928 0.301719 0.895892 0.224015 1.01592 0.0834357 72.5709  
0 0 0.217447 0.00134087 0.331999 0.00463164 0.453122 0.000786751 0.663527 0.00215899 0.772226 0.00205967 1 0 0.0468313 0.202456 0.29921 0.323744 0.477203 0.397058 0.641206 0.296284 0.893467 0.212118 1.0039 0.087975 35.1462  
0 0 0.172155 0.00915548 0.292486 0.00397927 0.449999 0.00984252 0.656967 0.00867848 0.798657 0.00113242 1 0 0.0444116 0.187849 0.276173 0.330107 0.435326 0.409423 0.6603 0.30321 0.902147 0.179997 1.0017 0.0815908 36.3063  
0 0 0.204384 0.00276891 0.305425 0.000722939 0.429317 0.00233892 0.653221 0.00308549 0.744538 0.00210267 1 0 0.0309872 0.183742 0.272307 0.327253 0.423961 0.42231 0.625529 0.309236 0.884746 0.218512 0.999457 0.101119 37.4288  
0 0 0.176106 0.0032361 0.250672 0.00409658 0.400309 0.00317374 0.674239 0.0028404 0.756207 0.00252831 1 0 0.0343703 0.129036 0.249603 0.255433 0.440246 0.328363 0.643303 0.244832 0.913535 0.194341 0.98969 0.104969 144.209  
0 0 0.16761 0.00563639 0.238234 0.000566701 0.398963 0.000816133 0.658493 0.0020723 0.771578 0.0017025 1 0 0.0322011 0.13274 0.225814 0.253935 0.434975 0.343805 0.640572 0.252677 0.887846 0.206963 0.990572 0.118554 156.864  
0 0 0.193546 0.000317943 0.280432 0.00534321 0.439034 0.00544197 0.663011 0.0113271 0.780407 0.00937531 1 0 0.0506056 0.180523 0.277775 0.32571 0.432353 0.404109 0.611989 0.310125 0.888426 0.207483 1.00806 0.0887343 45.341  
0 0 0.20877 0.0140414 0.282243 0.0131573 0.417012 0.00970304 0.652423 0.000948463 0.752646 0.00285436 1 0 0.0487733 0.217131 0.301914 0.344614 0.460494 0.412611 0.632658 0.320077 0.882124 0.205071 1.00507 0.0955195 33.0384  
0 0 0.191318 0.00900386 0.275274 0.00813494 0.425464 0.0071571 0.667934 0.011509 0.779749 0.00739672 1 0 0.0616244 0.189203 0.321951 0.321302 0.462284 0.370038 0.628183 0.285165 0.887771 0.187413 0.9952 0.089114 36.1458  
0 0 0.182931 0.00854065 0.279441 0.0098645 0.423651 0.0124298 0.66304 0.00726702 0.766259 0.00390588 1 0 0.0460348 0.195795 0.303156 0.321766 0.460303 0.376755 0.636341 0.273981 0.877408 0.196868 0.994858 0.0856705 35.2356  
0 0 0.189297 0.0132882 0.290344 0.00946078 0.431392 0.00705377 0.668924 0.000526615 0.779317 0.00613774 1 0 0.0457626 0.199191 0.325006 0.326074 0.469864 0.367413 0.627987 0.266088 0.874221 0.199374 0.999466 0.0817488 34.9868  
0 0 0.175212 0.0274212 0.297058 0.0391295 0.407053 0.0407337 0.647892 0.0512726 0.751207 0.0426658 1 0 0.0428733 0.24046 0.30607 0.355386 0.452352 0.399298 0.609638 0.303679 0.876424 0.206496 0.984563 0.092729 30.7026  
0 0 0.186375 0.00282389 0.281443 0.00204037 0.445895 0.00344161 0.656097 0.00377588 0.752169 0.00217675 1 0 0.0491152 0.198026 0.285669 0.326205 0.468433 0.412342 0.638489 0.313497 0.880775 0.220138 0.996373 0.110758 34.9457  
0 0 0.186342 0.000266713 0.287732 0.000577069 0.427607 0.00341513 0.668 0.00264167 0.766262 1.57603e-005 1 0 0.0388558 0.188977 0.294008 0.333071 0.451154 0.412441 0.633941 0.310558 0.884894 0.205841 0.995023 0.091143 37.1453  
0 0 0.193234 0.00290176 0.259821 0.00213615 0.433592 0.00104129 0.642711 0.00694019 0.772203 0.00242097 1 0 0.0285728 0.199464 0.28559 0.332305 0.452775 0.426221 0.645148 0.317119 0.89176 0.225069 1.00348 0.101934 35.8724  
0 0 0.186483 0.00936383 0.255946 0.0137848 0.415737 0.0106605 0.637782 0.00212199 0.757293 0.00221419 1 0 0.029238 0.19873 0.287053 0.331674 0.466374 0.389688 0.631665 0.295709 0.877481 0.209778 0.999477 0.0981924 33.2333  
0 0 0.173624 0.00298408 0.255015 0.000118416 0.424932 0.00413063 0.662219 0.00501108 0.787409 0.0032446 1 0 0.0449925 0.201382 0.314125 0.340085 0.472326 0.383716 0.644534 0.285049 0.886062 0.200104 0.998736 0.0943984 34.6952  
0 0 0.192909 0.00789957 0.267863 0.00385777 0.433489 0.00581845 0.653429 0.00672517 0.756984 0.00989036 1 0 0.0311115 0.204397 0.289934 0.373031 0.453596 0.44693 0.639889 0.322685 0.883564 0.221133 0.99924 0.0937677 32.2043  
0 0 0.196482 0.00787677 0.255645 0.00717661 0.425871 0.00332575 0.648433 0.00813933 0.75582 0.00472606 1 0 0.033345 0.206765 0.284964 0.334281 0.457816 0.409986 0.620296 0.312008 0.8871 0.207028 1.00131 0.0987222 33.2857  
0 0 0.225585 0.00673805 0.258979 0.00411232 0.420026 0.00300735 0.66109 0.00115339 0.78997 0.000882839 1 0 0.0501467 0.20345 0.299554 0.323901 0.452274 0.378825 0.633044 0.292923 0.887246 0.196892 0.993429 0.0954562 33.8719  
0 0 0.165253 0.00909829 0.25032 0.00621276 0.41642 0.00596508 0.658136 0.00315248 0.750745 0.00801811 1 0 0.043543 0.180864 0.302784 0.304161 0.450457 0.351051 0.623035 0.257275 0.876753 0.202899 0.999044 0.100361 33.8452  
0 0 0.183189 0.00543286 0.262851 0.00471721 0.415858 0.00314215 0.64465 0.00455587 0.76219 0.00596641 1 0 0.0524956 0.20342 0.305884 0.319166 0.459465 0.364726 0.604891 0.276305 0.877333 0.209236 1.00132 0.0897996 31.7799  
0 0 0.181052 0.00534502 0.264375 0.00627083 0.430996 0.0103444 0.649883 0.0105543 0.76993 0.00633255 1 0 0.0449821 0.205512 0.299914 0.321047 0.440421 0.382724 0.629354 0.282231 0.873867 0.20561 0.993871 0.0938958 35.801  
0 0 0.158013 0.00634292 0.260642 0.00301647 0.419771 0.00837057 0.659433 0.0090683 0.79066 0.00429528 1 0 0.0443171 0.188716 0.29163 0.314385 0.457439 0.397897 0.625796 0.291997 0.881031 0.209961 1.00418 0.0871194 38.6247  
0 0 0.188288 0.000939233 0.262748 0.00173136 0.437196 0.00358719 0.665927 0.00282901 0.762725 0.00385878 1 0 0.0377504 0.200006 0.302591 0.320239 0.465497 0.399972 0.649429 0.289369 0.884548 0.212261 1.0016 0.0941779 37.6951  
0 0 0.187956 0.0192819 0.249514 0.00699674 0.391761 0.00111579 0.654589 0.00396962 0.788883 0.004165 1 0 0.0213748 0.131213 0.247878 0.269501 0.45097 0.349337 0.628067 0.267988 0.89051 0.223024 1.00268 0.118005 141.283  
0 0 0.165713 0.00183469 0.25401 0.00711068 0.412855 0.0116525 0.656893 0.00633378 0.788161 0.00669555 1 0 0.0277223 0.148084 0.25264 0.29483 0.427707 0.394241 0.628797 0.287892 0.87199 0.223366 1.00978 0.105529 72.8081  
0 0 0.195212 0.00147387 0.283088 0.00529604 0.443185 0.00465579 0.6415 0.00337958 0.760718 0.00119027 1 0 0.0549112 0.21656 0.314413 0.370628 0.494923 0.47555 0.636159 0.320794 0.882598 0.205542 0.998713 0.0938162 27.9203  
0 0 0.211231 0.00176193 0.292473 8.08898e-005 0.430855 0.000780955 0.633375 0.00319736 0.723236 0.00172369 1 0 0.0359099 0.19462 0.302819 0.350666 0.441328 0.406904 0.622022 0.308765 0.872411 0.214261 0.996834 0.112819 66.2808  
0 0 0.172225 0.00257666 0.28526 0.0058092 0.427744 0.00378391 0.649041 0.00276766 0.754406 0.000691914 1 0 0.0393905 0.184824 0.306026 0.317416 0.451184 0.387546 0.605366 0.286741 0.861817 0.206767 0.994924 0.103479 36.2754  
0 0 0.191754 0.00912282 0.268258 0.00744287 0.422553 0.00751544 0.648718 0.00608009 0.75045 0.00349699 1 0 0.0598346 0.204304 0.301167 0.30932 0.447139 0.3663 0.627006 0.277911 0.88091 0.206578 0.997983 0.101519 34.3421  
0 0 0.194138 0.00846622 0.276984 0.0087053 0.414972 0.00573671 0.654803 0.00348287 0.752198 0.00382406 1 0 0.0321116 0.196039 0.290052 0.333657 0.44898 0.415587 0.631264 0.298308 0.889676 0.209111 1.00801 0.0888224 38.6675  
0 0 0.167568 0.00917423 0.252141 0.00246232 0.415155 0.00459028 0.671773 0.00315991 0.779138 0.00729053 1 0 0.0155131 0.153652 0.258652 0.298262 0.43932 0.387116 0.644153 0.287702 0.882513 0.205719 0.993489 0.100991 53.28  
0 0 0.18518 0.00203297 0.26156 0.00365555 0.416746 0.000568037 0.638234 0.00115782 0.761797 0.00208461 1 0 0.0361736 0.137627 0.260938 0.284679 0.449439 0.368523 0.630885 0.282602 0.89185 0.219917 1.01369 0.0922339 88.1895  
0 0 0.173289 0.00160337 0.25663 0.000448369 0.377385 0.00472581 0.630201 0.00191364 0.75094 0.0018975 1 0 0.0435555 0.135641 0.236995 0.24834 0.413835 0.312727 0.60511 0.252369 0.89038 0.208111 0.99548 0.0878347 163.118  
0 0 0.1506 0.00152476 0.252127 0.00467501 0.381044 0.00182255 0.673003 0.00183856 0.796094 0.00397201 1 0 0.0276348 0.1277 0.247788 0.258505 0.441271 0.324893 0.635095 0.253057 0.906138 0.203564 0.995601 0.111105 160.586  
0 0 0.170774 0.00432029 0.229544 0.00198846 0.40045 0.00106152 0.669944 0.00883389 0.774725 0.000925809 1 0 0.0173208 0.125713 0.225287 0.245515 0.41631 0.308621 0.623866 0.24784 0.897202 0.20867 0.995529 0.0883033 163.304  
0 0 0.202088 0.00139252 0.255268 0.0054802 0.408988 0.00313418 0.669834 0.00158033 0.776073 0.00441434 1 0 0.042362 0.135086 0.233354 0.239449 0.441606 0.30306 0.64234 0.243484 0.905797 0.200696 0.993748 0.105246 170.339  
0 0 0.186744 0.0040037 0.246386 0.00783473 0.401573 0.0075886 0.659469 0.002398 0.767725 0.000635248 1 0 0.029382 0.13526 0.251445 0.254725 0.421441 0.318178 0.622688 0.255257 0.909108 0.198279 0.99975 0.105423 119.614  
0 0 0.169072 0.00204986 0.30185 0.000416483 0.457949 0.00255995 0.649179 0.000145159 0.777217 0.00477124 1 0 0.0372264 0.192891 0.308623 0.326209 0.468131 0.40083 0.633921 0.287798 0.879815 0.207483 0.997462 0.0966946 34.3394  
0 0 0.184371 0.000265565 0.281271 0.00140593 0.425651 0.00174023 0.652456 0.00291184 0.758711 0.00263066 1 0 0.0322131 0.149649 0.25063 0.302801 0.447801 0.399052 0.636811 0.307193 0.903408 0.216622 1.01467 0.0803272 83.8116  
0 0 0.164393 0.00296603 0.27871 0.00517251 0.450529 0.00139961 0.623467 0.00131679 0.734491 0.000105296 1 0 0.042029 0.193006 0.292721 0.307912 0.436133 0.383539 0.610404 0.293019 0.861825 0.195831 0.993492 0.0865302 72.2687  
0 0 0.156174 0.00974886 0.30227 0.00333159 0.44329 0.00505294 0.629416 0.00179097 0.737305 0.00150062 1 0 0.0466741 0.193133 0.278526 0.32153 0.440111 0.413566 0.618303 0.287066 0.887171 0.190424 1.00508 0.0867191 32.9655  
0 0 0.165468 0.00455965 0.265828 0.00319176 0.428796 0.00171796 0.685273 0.00206361 0.803599 0.000214745 1 0 0.039466 0.150074 0.253058 0.286449 0.445656 0.400177 0.649656 0.292498 0.900947 0.197273 0.997856 0.0840308 59.9265  
0 0 0.179306 0.005588 0.261171 0.00860298 0.388832 0.0156675 0.658062 0.00526475 0.798731 1.09745e-005 1 0 0.0282363 0.137851 0.281432 0.273724 0.42709 0.336881 0.678421 0.270491 0.915888 0.197202 1.01387 0.0801704 129.919  
0 0 0.167263 0.00490512 0.232038 0.000716442 0.377273 0.000362959 0.648453 0.000581768 0.788283 0.00274947 1 0 0.0147286 0.135051 0.224563 0.258823 0.442644 0.323195 0.608544 0.253736 0.893063 0.207381 1.00075 0.0942886 136.381  
0 0 0.197484 0.00751983 0.265845 0.00318111 0.409447 0.00226106 0.664254 0.00212977 0.770532 0.00226157 1 0 0.0383406 0.146848 0.264646 0.270488 0.454225 0.356429 0.646589 0.279892 0.904174 0.207976 1.00642 0.0866611 111.728  
0 0 0.169241 0.0033945 0.246059 0.0115314 0.350134 0.00813967 0.631637 0.0116356 0.792274 0.00851253 1 0 0.0140212 0.128031 0.256691 0.268126 0.386625 0.325239 0.629717 0.271201 0.903017 0.201193 0.995012 0.100609 166.384  
0 0 0.186354 0.00385754 0.263552 0.00244767 0.410227 0.000387879 0.670145 0.000199387 0.771361 0.00511433 1 0 0.0443723 0.149269 0.261162 0.253699 0.43014 0.346567 0.633054 0.269074 0.898195 0.206976 0.999459 0.107533 128.103  
0 0 0.162832 0.0049268 0.245219 0.00209604 0.393426 0.004412 0.6642 0.00244164 0.777052 0.00019804 1 0 0.0283159 0.132021 0.223171 0.259355 0.41158 0.329655 0.6184 0.257427 0.892359 0.220879 1.0007 0.102033 117.969  
0 0 0.173179 0.000181916 0.273815 0.00259361 0.396911 0.00939728 0.679151 0.0136177 0.79077 0.00956881 1 0 0.0210763 0.149468 0.2377 0.297748 0.424344 0.411214 0.614774 0.29617 0.883924 0.229467 1.0074 0.104615 54.8261  
0 0 0.155558 0.0102209 0.261165 0.00429725 0.39632 0.00565351 0.666156 0.00885578 0.805005 0.00094361 1 0 0.033254 0.129211 0.232188 0.254024 0.409705 0.311681 0.614771 0.245385 0.890674 0.21332 0.994221 0.124292 161.705  
0 0 0.174091 0.0057397 0.236335 0.00254387 0.363195 0.000803283 0.66464 0.00457309 0.758926 0.00104358 1 0 0.0343491 0.125539 0.251066 0.252388 0.40831 0.321538 0.62981 0.251018 0.892074 0.205435 0.990596 0.104559 138.115  
0 0 0.183515 0.00390226 0.25096 0.00120701 0.391611 0.00257691 0.656062 0.00237783 0.775056 0.00257691 1 0 0.0308331 0.133675 0.216289 0.271912 0.466773 0.338646 0.644993 0.275528 0.899573 0.224465 0.999998 0.111514 163.373  
0 0 0.183036 0.001217 0.253714 0.00104804 0.428015 0.000510726 0.620253 0.00173369 0.751078 0.0012247 1 0 0.0432604 0.143775 0.227637 0.258999 0.439801 0.324882 0.626368 0.265592 0.89373 0.231339 1.00351 0.111706 189.32  
0 0 0.161336 0.00230695 0.232353 0.000864265 0.350303 0.000610598 0.629981 0.00567647 0.765579 0.00106032 1 0 0.0218457 0.125142 0.223128 0.252166 0.406684 0.330194 0.623342 0.259671 0.893244 0.206818 0.996488 0.0949734 158.437  
0 0 0.17531 0.00329105 0.26108 0.0102683 0.389196 0.00095733 0.642207 0.0138864 0.774769 0.00420177 1 0 0.0352348 0.127381 0.245493 0.248406 0.409417 0.306105 0.640347 0.265662 0.894182 0.198214 0.99227 0.0862896 165.036  
0 0 0.176277 0.0106911 0.256559 0.00951951 0.398128 0.0014204 0.671134 0.0165707 0.771547 0.0112767 1 0 0.0245185 0.1162 0.230431 0.255652 0.432739 0.339895 0.646163 0.259491 0.912996 0.202862 0.99482 0.105043 168.815  
0 0 0.184065 0.00609956 0.258013 0.0149365 0.459374 0.0131522 0.662827 0.00507307 0.770847 0.00233786 1 0 0.0398586 0.152599 0.229954 0.281864 0.449405 0.36681 0.645259 0.289198 0.903776 0.227319 1.00996 0.100157 113.307  
0 0 0.194684 0.000353295 0.251454 0.000752203 0.398199 0.00165559 0.656186 0.00810594 0.762254 0.0031944 1 0 0.0520742 0.138424 0.238775 0.262999 0.46019 0.3283 0.625807 0.263228 0.898003 0.216001 1.00936 0.109309 124.872  
0 0 0.196769 0.000510963 0.255092 0.00354492 0.38118 0.0102999 0.667518 0.00538519 0.791491 0.00432866 1 0 0.0241793 0.136419 0.251731 0.269812 0.455717 0.337074 0.636411 0.253379 0.895985 0.212593 0.998356 0.0989788 128.93  
0 0 0.163285 0.000502237 0.240948 0.0029607 0.408523 0.00392707 0.659087 0.00565754 0.796148 0.00659497 1 0 0.0342385 0.144785 0.226503 0.269528 0.428588 0.340318 0.626357 0.261518 0.895323 0.222891 0.997289 0.113977 129.406  
0 0 0.185738 0.00640544 0.250738 0.000654715 0.384943 0.00683442 0.662815 0.000792859 0.824488 0.00267632 1 0 0.0435571 0.14553 0.221712 0.243435 0.410026 0.308302 0.64577 0.255229 0.908937 0.195307 0.994611 0.0967775 155.232  
0 0 0.183663 0.00973985 0.29809 0.00721456 0.448484 0.00941278 0.670505 0.00727161 0.811096 0.0027896 1 0 0.047487 0.185533 0.270457 0.328268 0.445665 0.412426 0.647697 0.304694 0.888989 0.197313 1.00346 0.086241 37.6171  
0 0 0.185413 0.00168565 0.270998 0.00583928 0.390038 0.00770697 0.670332 0.00309838 0.776199 0.00225946 1 0 0.0271634 0.136035 0.234793 0.270709 0.441584 0.358739 0.63083 0.269889 0.909496 0.220785 1.00466 0.1108 123.524  
0 0 0.171456 0.000205539 0.244835 0.00432633 0.36702 0.00315107 0.635461 0.00867375 0.786942 0.00257556 1 0 0.0212862 0.120394 0.226878 0.252847 0.402445 0.321134 0.616012 0.258952 0.901167 0.206371 1.00797 0.0993257 137.689  
0 0 0.165308 0.0029916 0.24926 0.00342038 0.393054 0.0061808 0.678372 0.000859224 0.826299 0.00287711 1 0 0.0244243 0.126742 0.230102 0.253665 0.433176 0.351035 0.636192 0.254714 0.916307 0.188641 1.0039 0.0933361 148.427  
0 0 0.166992 0.000152704 0.261697 0.00453271 0.378804 0.00226728 0.6569 0.00185387 0.777192 0.00655697 1 0 0.040069 0.13077 0.233746 0.243801 0.423516 0.316482 0.623125 0.24514 0.907135 0.194225 1.00121 0.0825073 173.9  
0 0 0.203009 0.007683 0.249275 0.00312638 0.408113 0.00153674 0.663631 0.00328153 0.781249 0.00197118 1 0 0.0392504 0.142285 0.229118 0.257864 0.446978 0.349966 0.620921 0.267723 0.889509 0.212256 0.994935 0.109143 129.014  
0 0 0.194131 0.00162846 0.24633 0.00175092 0.415839 0.00137047 0.652781 0.00211796 0.763048 0.000617122 1 0 0.0325456 0.134312 0.221996 0.26041 0.446324 0.349851 0.613782 0.266283 0.880354 0.215258 0.994436 0.10939 104.99  
0 0 0.191957 1.54074e-033 0.24504 0.000536193 0.396247 0 0.62681 0.00268097 0.749062 0.00482574 1 0 0.0345845 0.140483 0.222252 0.261394 0.437265 0.336461 0.613941 0.262466 0.879088 0.220912 0.993566 0.10429 113.685  
0 0 0.197633 0.00150658 0.250988 0.00207734 0.372838 0.00454915 0.654597 0.00383542 0.794861 0.0024732 1 0 0.0392416 0.12941 0.220164 0.252543 0.424388 0.328188 0.606707 0.236243 0.883517 0.205682 0.998838 0.101558 130.92  
0 0 0.196458 0.00454848 0.237988 0.00102747 0.411222 0.000696048 0.670801 0.000737403 0.778204 0.00149723 1 0 0.0310302 0.130067 0.239342 0.256868 0.446043 0.335409 0.616575 0.255249 0.888027 0.205335 0.996514 0.0855295 114.256  
0 0 0.166951 0.00687531 0.247163 0.00356077 0.379472 0.00543964 0.660382 0.00347364 0.79193 0.00196221 1 0 0.00963301 0.138412 0.238981 0.256762 0.393624 0.31859 0.619704 0.253782 0.886857 0.222451 0.997805 0.122102 149.672  
0 0 0.15159 0.000983013 0.286134 0.00232415 0.435195 0.00238214 0.684831 0.000242129 0.789489 0.00412489 1 0 0.0311875 0.155056 0.266682 0.286208 0.431538 0.387572 0.643141 0.274693 0.902367 0.197184 1.00328 0.0766953 59.5984  
0 0 0.158542 0.00251549 0.247409 0.00267125 0.361551 0.000197976 0.661883 0.00704946 0.818537 0.00220858 1 0 0.0317957 0.127443 0.238308 0.261461 0.407153 0.327882 0.614365 0.24276 0.901326 0.206498 1.00327 0.108036 157.892  
0 0 0.162536 0.00275919 0.251466 0.00171195 0.389088 0.00120697 0.625251 0.00906418 0.776104 0.00553883 1 0 0.0145698 0.135001 0.219955 0.273402 0.409756 0.34439 0.627596 0.284266 0.902068 0.221283 1.00292 0.115673 137.905  
0 0 0.187832 0.0022527 0.259258 0.00208075 0.399692 0.000967282 0.643737 0.0056633 0.776939 0.00384594 1 0 0.0272877 0.140088 0.231915 0.27407 0.419758 0.375977 0.61923 0.278434 0.874883 0.208217 1.00124 0.102704 70.9178  
0 0 0.168951 0.000370085 0.261394 0.00461824 0.434907 0.00541053 0.64267 0.00521767 0.775088 0.00582232 1 0 0.0353874 0.172386 0.258554 0.298533 0.433797 0.413233 0.633535 0.295106 0.889819 0.20265 0.991454 0.0879055 45.4597  
0 0 0.205456 0.00522345 0.278584 0.0034823 0.416715 0.000580383 0.68253 0.00522345 0.801509 0.000580383 1 0 0.0435287 0.147417 0.249855 0.265235 0.43877 0.360128 0.63581 0.271619 0.899594 0.193848 1.00377 0.07574 94.882  
0 0 0.160835 0.00584148 0.252272 0.00247827 0.379662 0.0109305 0.651253 0.00245763 0.7691 0.00439095 1 0 0.030164 0.128931 0.22695 0.259214 0.432861 0.328075 0.630773 0.262848 0.921349 0.198466 1.00295 0.0754011 172.109  
0 0 0.178383 0.00149342 0.267832 0.000183069 0.401378 0.00389523 0.665493 0.0088454 0.834241 0.00535759 1 0 0.0287082 0.140849 0.232453 0.267781 0.43861 0.365982 0.644379 0.272376 0.900522 0.185071 1.00574 0.0891748 93.3479  
0 0 0.189012 0.000295918 0.273396 0.00471796 0.416504 0.00351646 0.662052 0.00183848 0.75698 0.00701119 1 0 0.0350116 0.134957 0.233842 0.253088 0.428698 0.342753 0.629332 0.258258 0.886597 0.208139 1.00789 0.0853427 107.048  
0 0 0.20028 0.00164141 0.268625 0.00273453 0.422287 0.000927453 0.647252 0.000722277 0.7768 0.000157348 1 0 0.0477718 0.142281 0.236584 0.259201 0.431376 0.343356 0.617461 0.257174 0.882523 0.201266 0.999706 0.090748 113.256  
0 0 0.176322 0.00176794 0.258368 0.00232885 0.396959 0.00399029 0.629975 0.00403644 0.786789 5.68012e-005 1 0 0.0217371 0.14993 0.236309 0.275575 0.421245 0.390052 0.62183 0.282309 0.875075 0.198703 0.998417 0.0916026 61.1154  
0 0 0.181929 0.00287591 0.276267 0.00134539 0.413001 0.00222316 0.645196 0.000692643 0.777398 0.0010661 1 0 0.0251466 0.142649 0.23446 0.277399 0.463859 0.358186 0.628538 0.277669 0.876549 0.219499 1.00537 0.0966086 93.6618  
0 0 0.176794 0.00609049 0.224466 0.00181959 0.371712 0.00025578 0.6393 0.000757502 0.754802 0.0011215 1 0 0.0351103 0.138916 0.228162 0.264875 0.403492 0.326445 0.620301 0.267637 0.881096 0.214838 0.994208 0.0918061 150.066  
0 0 0.184193 0.00563715 0.233322 0.00266711 0.387521 0.00725504 0.629069 0.0021884 0.734594 0.00939846 1 0 -0.000325644 0.106116 0.224067 0.267051 0.400003 0.368124 0.635214 0.294251 0.897779 0.219846 1.01452 0.120281 113.204  
