0 0 0.205802 0.00341673 0.274903 0.00455664 0.398596 0.00079839 0.578859 0.00466471 0.700039 0.00540819 1 0 0.0312853 0.113916 0.260628 0.292181 0.408604 0.297947 0.556826 0.313465 0.865542 0.257389 1.00626 0.135956 160.954  
0 0 0.16851 0.00521213 0.25956 0.00189648 0.399165 0.0034083 0.564172 0.00862378 0.681145 0.0135162 1 0 0.0184115 0.113757 0.25151 0.305697 0.386309 0.318292 0.57044 0.340318 0.849229 0.261482 0.970222 0.17409 146.996  
0 0 0.160453 0.00747267 0.199039 0.00699642 0.379511 0.00847373 0.545907 0.000841788 0.685524 0.00596567 1 0 0.0216846 0.117937 0.253359 0.285841 0.378886 0.288921 0.533857 0.31066 0.835474 0.245936 0.971907 0.15503 158.248  
0 0 0.1745 0.0035 0.2485 0.0005 0.3945 0.0045 0.5885 0.0035 0.7095 0.005 1 0 0.0275 0.12125 0.229 0.29025 0.389 0.2995 0.54575 0.32975 0.8705 0.24975 0.9795 0.16175 154.234  
0 0 0.177894 0.00598596 0.217137 0.00710295 0.380022 0.00467434 0.558938 0.00179499 0.687174 0.000774245 1 0 0.0328019 0.117133 0.249991 0.295271 0.380012 0.286194 0.548606 0.321881 0.852652 0.267338 0.983746 0.154878 154.51  
0 0 0.205107 0.0124684 0.261317 0.0123658 0.397937 0.0104373 0.576409 0.00630466 0.659535 0.00595227 1 0 0.0307256 0.112715 0.253852 0.294701 0.382252 0.294737 0.557482 0.31695 0.84642 0.258811 0.973804 0.14602 121.994  
0 0 0.178257 0.00195524 0.244081 0.00110071 0.383875 0.000567862 0.568045 0.00157995 0.701182 0.00103725 1 0 0.0340181 0.132399 0.242972 0.305474 0.392014 0.315094 0.579881 0.329881 0.876854 0.257766 0.990756 0.130547 100.426  
0 0 0.192862 0.00894419 0.266538 0.00214846 0.400484 0.00293335 0.582718 0.00199826 0.672481 0.00210939 1 0 0.0180076 0.102936 0.24878 0.292306 0.39048 0.312366 0.558068 0.328795 0.860753 0.252108 0.985878 0.135274 112.476  
0 0 0.199236 0.00318236 0.265741 0.00262139 0.386213 0.00100847 0.562769 0.00392997 0.690882 0.0118244 1 0 0.0403943 0.121972 0.242803 0.295069 0.382366 0.304837 0.556619 0.316085 0.848791 0.250814 0.98162 0.153996 153.837  
0 0 0.165402 0.00304385 0.270441 0.00547459 0.410298 0.00642854 0.59226 0.00089522 0.732096 0.000377442 1 0 0.0255729 0.11188 0.268472 0.28504 0.403843 0.298825 0.593308 0.318623 0.872919 0.239976 0.98331 0.135638 162.643  
0 0 0.158366 0.0105276 0.227569 0.00734533 0.384198 0.00266911 0.535289 0.000338957 0.704935 0.00295278 1 0 0.0200823 0.113569 0.23237 0.295082 0.380556 0.300318 0.530807 0.327217 0.843642 0.254155 0.99032 0.130367 153.686  
0 0 0.178029 0.00195093 0.242231 0.00190012 0.393695 0.00553236 0.57423 0.00307364 0.698604 0.00326328 1 0 0.0323443 0.113347 0.242235 0.29513 0.385167 0.311935 0.5775 0.318448 0.87162 0.253496 0.983959 0.158217 151.8  
0 0 0.201898 0.00272997 0.243428 1.38212e-005 0.402205 0.00137162 0.559945 0.00408003 0.696629 0.00304233 1 0 0.0296955 0.112515 0.24921 0.301549 0.382763 0.312321 0.575188 0.334381 0.846995 0.262369 0.976839 0.15536 143.335  
0 0 0.180278 0.0129113 0.252694 0.0132847 0.374686 0.00531476 0.556046 0.00804017 0.667369 0.00916815 1 0 0.0266749 0.10533 0.235573 0.284221 0.368434 0.292918 0.536851 0.324349 0.870763 0.270788 0.981029 0.170436 138.602  
0 0 0.193661 0.00174404 0.255764 0.00406822 0.400532 0.00343213 0.594645 0.00691477 0.773837 0.0156186 1 0 0.0347857 0.104301 0.263289 0.27603 0.401937 0.30523 0.576606 0.328227 0.872369 0.247441 0.993941 0.144614 148.344  
0 0 0.139644 0.00606984 0.215082 0.00123465 0.389992 0.00283549 0.557865 0.00615307 0.677725 0.0111979 1 0 0.0116019 0.115177 0.218141 0.294842 0.386257 0.31658 0.545303 0.338547 0.846301 0.271073 0.991457 0.15141 145.339  
0 0 0.164061 0.0119387 0.211779 0.0121852 0.372239 0.0166157 0.574267 0.00910233 0.736296 0.00989964 1 0 0.0192268 0.11601 0.24659 0.292727 0.378063 0.300205 0.5439 0.323759 0.860427 0.271226 0.982385 0.168034 161.706  
0 0 0.217862 0.00381054 0.25942 0.000604023 0.385539 0.00216205 0.571426 0.00770943 0.749962 0.0294209 1 0 0.047152 0.127724 0.257406 0.294518 0.384195 0.296151 0.563384 0.32866 0.862176 0.253887 0.965914 0.17791 124.436  
0 0 0.193661 0.0113991 0.29703 0.0118205 0.400336 0.0108191 0.58978 0.00743667 0.734062 0.00179034 1 0 0.0314633 0.127247 0.256665 0.307632 0.400733 0.333298 0.591741 0.344419 0.880966 0.276901 0.990862 0.17075 108.013  
0 0 0.223218 0.00422464 0.275415 0.000676181 0.432241 0.00297998 0.61858 0.00503845 0.694839 0.00600784 1 0 0.0395686 0.153278 0.286007 0.323493 0.406777 0.349628 0.622862 0.343979 0.89901 0.228857 0.975966 0.123586 56.0386  
0 0 0.23405 0.00215178 0.271736 0.00245205 0.401506 0.00439054 0.586949 0.00333026 0.700328 0.0118553 1 0 0.0176354 0.100881 0.25885 0.278502 0.406512 0.294682 0.553275 0.295839 0.84227 0.249626 0.994444 0.112294 155.094  
0 0 0.18242 0.00568941 0.21564 0.000978603 0.380309 0.00515264 0.560424 0.000329069 0.687937 0.00259476 1 0 0.0241345 0.112522 0.230338 0.288194 0.374235 0.299864 0.551006 0.332072 0.856145 0.256632 0.99776 0.141879 147.212  
0 0 0.11911 0.000912997 0.254274 0.00166456 0.398265 0.00412333 0.599394 0.0213408 0.782702 0.0222249 1 0 0.0258788 0.0909935 0.246142 0.282355 0.377996 0.281985 0.603222 0.335399 0.886459 0.25734 1.00006 0.140634 136.278  
0 0 0.163287 0.00407281 0.256384 0.00638635 0.395488 0.00162729 0.552279 0.0110825 0.719329 0.000323019 1 0 0.0432119 0.114017 0.267524 0.295281 0.392083 0.300144 0.538418 0.315644 0.844606 0.254882 0.999158 0.13824 144.881  
0 0 0.194879 0.00243442 0.258941 0.00504526 0.402571 0.00620017 0.608915 0.0106421 0.711409 0.00982952 1 0 0.0333814 0.118341 0.259956 0.28928 0.393809 0.297372 0.575868 0.319288 0.86448 0.264332 0.991242 0.141942 114.501  
0 0 0.22164 0.00208949 0.301163 0.00511208 0.406195 0.00367439 0.614246 0.00615233 0.715629 0.00548091 1 0 0.0436805 0.136502 0.260915 0.296765 0.395872 0.348686 0.61348 0.323446 0.869459 0.257192 0.983739 0.12851 71.3621  
0 0 0.17492 0.00247834 0.246926 0.00235262 0.394278 0.00745933 0.59249 0.0106296 0.732055 0.00341434 1 0 0.0320846 0.126386 0.25538 0.305433 0.389375 0.31002 0.56641 0.348189 0.883123 0.269127 0.995968 0.176999 143.801  
0 0 0.214653 0.00207273 0.274056 0.00278449 0.40392 0.00214974 0.556639 0.0021764 0.694418 0.00332803 1 0 0.0229892 0.10213 0.275547 0.280509 0.388127 0.294239 0.533742 0.314032 0.848511 0.259077 0.987274 0.13704 149.219  
0 0 0.197881 0.00266554 0.29479 0.0101907 0.399487 0.00866565 0.580471 0.0153031 0.71109 0.00626702 1 0 0.0229369 0.109381 0.253948 0.303079 0.384268 0.310839 0.536589 0.335525 0.884345 0.260759 1.00383 0.110524 142.015  
0 0 0.159818 0.00741555 0.261257 0.00990081 0.414141 0.0146465 0.618692 0.00784204 0.758767 0.0109102 1 0 0.0338755 0.113633 0.279893 0.292729 0.416159 0.301717 0.607368 0.316849 0.866054 0.248206 0.991553 0.120293 162.505  
0 0 0.205327 0.00602062 0.268763 0.00647756 0.424499 0.00558295 0.586477 0.00255867 0.749042 0.0106613 1 0 0.0252392 0.112254 0.272756 0.276823 0.40924 0.283486 0.579129 0.317774 0.872133 0.235565 0.990578 0.133076 171.499  
0 0 0.185986 0.00184981 0.233617 0.00778348 0.39514 0.00354005 0.581856 0.020413 0.745077 0.0101414 1 0 0.0197473 0.0904973 0.268042 0.304954 0.384504 0.318707 0.550726 0.33782 0.867849 0.269864 0.99308 0.142448 123.002  
0 0 0.199284 0.00936299 0.266614 0.00365649 0.398163 0.0060486 0.585869 0.00258387 0.715292 0.00199827 1 0 0.0300078 0.111437 0.258509 0.289412 0.397755 0.300036 0.564367 0.320347 0.85004 0.270485 0.999781 0.137774 158.124  
0 0 0.169 0.0116655 0.234993 0.0079551 0.3929 0.005426 0.587419 0.00157068 0.696733 0.0018065 1 0 0.0376656 0.120739 0.254121 0.298007 0.396119 0.303321 0.562845 0.31907 0.86397 0.263637 0.988575 0.135995 135.07  
0 0 0.180568 0.00118088 0.270504 0.000438375 0.401449 0.00293438 0.575399 0.00590342 0.719894 0.00680995 1 0 0.018227 0.106212 0.248553 0.286825 0.382067 0.293443 0.573807 0.315641 0.846285 0.260656 0.990892 0.153749 163.479  
0 0 0.203995 0.00227843 0.276263 0.00138203 0.438582 0.00105828 0.615759 0.00240981 0.697663 0.00258 1 0 0.0383339 0.134016 0.274037 0.292625 0.406213 0.315726 0.624689 0.328734 0.884932 0.259176 0.991045 0.142598 103.31  
0 0 0.250272 0.00423413 0.28411 0.00689801 0.42075 0.00668017 0.617828 0.00931919 0.695221 0.0086715 1 0 0.037461 0.132391 0.276859 0.302877 0.412281 0.324659 0.59365 0.325851 0.895402 0.239411 0.990274 0.11124 63.8856  
0 0 0.147201 0.00380999 0.21673 0.000891864 0.373545 0.00165894 0.56 0.00130642 0.747206 0.00984787 1 0 0.0237401 0.115526 0.24259 0.30083 0.37708 0.31804 0.555839 0.330348 0.857549 0.263166 1.00376 0.157361 139.299  
0 0 0.200094 0.00625039 0.271448 0.0027831 0.380766 0.000818084 0.59014 0.00101521 0.713008 3.76811e-005 1 0 0.0286962 0.115888 0.237604 0.28557 0.384354 0.308122 0.590921 0.32779 0.876935 0.259338 1.01256 0.137063 147.985  
0 0 0.186682 0.00401275 0.234793 0.00160284 0.387556 0.00249142 0.584641 0.000463533 0.675044 0.00536034 1 0 0.01361 0.11514 0.240406 0.32045 0.385236 0.352481 0.576041 0.339616 0.855511 0.269323 0.995068 0.128686 112.115  
0 0 0.218295 0.00499875 0.259714 0.00363669 0.418778 0.000925456 0.595611 0.00255663 0.710669 0.00206993 1 0 0.02875 0.125216 0.265206 0.287666 0.402293 0.332089 0.588411 0.311777 0.851945 0.239413 0.987745 0.114643 96.7146  
0 0 0.200613 9.92766e-005 0.250635 0.000640999 0.417022 0.00599959 0.609433 0.0135196 0.737603 0.00389915 1 0 0.0245088 0.103109 0.279958 0.293503 0.403477 0.29225 0.602332 0.325412 0.881256 0.247073 0.998429 0.120491 151.215  
0 0 0.187441 0.00532975 0.263625 0.00421981 0.391271 0.000424227 0.592505 0.00516108 0.710995 0.00515175 1 0 0.0455385 0.121093 0.2562 0.270457 0.394175 0.275657 0.588849 0.294535 0.883778 0.250928 1.00093 0.121046 128.577  
0 0 0.160076 0.000326285 0.226612 0.00231 0.382294 0.00197544 0.591962 0.00174255 0.730061 0.00451361 1 0 0.035769 0.112052 0.243557 0.286565 0.38418 0.299754 0.569673 0.319217 0.865967 0.258328 0.98778 0.131521 123.148  
0 0 0.176943 0.00500991 0.231614 0.000332082 0.389646 0.00566855 0.5467 0.00416702 0.753228 0.00731903 1 0 0.0233582 0.118162 0.239749 0.302562 0.384956 0.324337 0.54882 0.336343 0.852103 0.255293 0.992593 0.150735 157.188  
0 0 0.16467 0.00106503 0.251243 0.000132417 0.37715 0.00552092 0.610965 0.00301366 0.775095 0.00451554 1 0 0.02041 0.103481 0.231565 0.309706 0.372888 0.317169 0.550524 0.337094 0.868431 0.284337 0.995803 0.159709 170.134  
0 0 0.177408 0.00601423 0.210735 0.000891824 0.37627 0.000990136 0.561005 0.0102384 0.70622 0.00428676 1 0 0.0146915 0.0997167 0.251693 0.291522 0.364971 0.300559 0.534176 0.332209 0.842941 0.263843 0.995485 0.141529 134.737  
0 0 0.141781 0.000113017 0.192618 0.0103163 0.365784 0.0107161 0.563995 0.00759544 0.697453 0.014223 1 0 0.0124795 0.117523 0.237582 0.332841 0.378129 0.318551 0.546038 0.341227 0.859863 0.276482 0.989686 0.170643 143.008  
0 0 0.184794 0.00373397 0.27977 0.00452827 0.397612 0.00760877 0.570227 0.00665589 0.691174 0.00413624 1 0 0.0256094 0.118644 0.268566 0.284402 0.400076 0.289895 0.564106 0.335778 0.85188 0.262883 0.983369 0.15883 155.236  
0 0 0.160003 0.000410787 0.22434 0.00208607 0.392987 0.00189091 0.58977 0.00526661 0.736862 0.0138832 1 0 0.0203039 0.1197 0.249488 0.296967 0.392424 0.300789 0.574326 0.320266 0.861879 0.254033 0.990521 0.153503 153.598  
0 0 0.131832 0.000579811 0.219367 0.0031105 0.388413 0.00054457 0.578625 7.11465e-005 0.727041 0.0111733 1 0 0.0233098 0.115118 0.250896 0.286944 0.38979 0.301091 0.563758 0.330026 0.853345 0.249328 0.980955 0.138195 172.798  
0 0 0.169248 0.00705294 0.220434 0.00535988 0.375771 0.00279356 0.55309 0.00760072 0.684698 0.0167139 1 0 0.0298777 0.101032 0.215649 0.300832 0.372576 0.312572 0.57251 0.330193 0.849846 0.257684 0.974972 0.163141 136.109  
0 0 0.206686 0.00436839 0.286707 0.00145402 0.400406 0.00439014 0.593543 0.0038105 0.677564 0.0104364 1 0 0.0385208 0.108692 0.269194 0.297742 0.395964 0.316371 0.569784 0.321383 0.865731 0.26314 0.991047 0.141313 138.43  
0 0 0.200366 0.00691515 0.245826 0.00511095 0.398211 0.00154107 0.586439 0.00426008 0.720884 0.0051962 1 0 0.0179322 0.108826 0.239767 0.291601 0.388294 0.297366 0.569776 0.337062 0.859148 0.278796 0.995204 0.156527 119.704  
0 0 0.218299 0.00536887 0.267622 0.000422569 0.36969 0.00650805 0.540294 0.00240504 0.682911 0.00266764 1 0 0.0179247 0.113836 0.248695 0.306032 0.364546 0.314649 0.545277 0.328567 0.855458 0.268683 0.985733 0.148481 133.984  
0 0 0.220447 0.00319658 0.261665 0.00260837 0.395374 0.00175735 0.572913 0.00183332 0.737882 0.0026835 1 0 0.0248816 0.110443 0.249972 0.289597 0.383186 0.288283 0.541561 0.315041 0.864196 0.261431 0.985917 0.130266 144.118  
0 0 0.166716 0.00182488 0.244318 0.00392309 0.388126 0.00476129 0.562794 2.66009e-005 0.712926 0.00270759 1 0 0.0219409 0.0984375 0.255108 0.280089 0.381205 0.288413 0.544547 0.33212 0.866552 0.271208 0.992878 0.123206 156.985  
0 0 0.203441 0.00614204 0.258813 0.00648306 0.41114 0.00958213 0.602196 0.00478919 0.694937 0.0119782 1 0 0.0286372 0.115066 0.249758 0.294009 0.397221 0.30193 0.581502 0.345436 0.8885 0.255851 0.990741 0.153743 87.5718  
0 0 0.214941 0.00426631 0.227927 0.0036001 0.390275 0.0118308 0.578579 0.00574211 0.783049 0.0523156 1 0 0.0220804 0.122733 0.261044 0.290271 0.373056 0.292211 0.547738 0.32337 0.846111 0.252922 1.00455 0.136689 118.175  
0 0 0.18972 0.00357037 0.269805 0.00295538 0.39488 0.00629333 0.577049 0.00258055 0.697485 0.00107174 1 0 0.0228176 0.102902 0.284573 0.286854 0.404385 0.283156 0.560049 0.295922 0.854632 0.250616 0.993277 0.13844 135.617  
0 0 0.19387 0.00262094 0.248508 0.000267111 0.389499 0.00401727 0.543515 0.00566022 0.727756 0.00253049 1 0 0.028847 0.118293 0.256264 0.323878 0.387109 0.329403 0.536561 0.335923 0.853982 0.275269 0.997485 0.152447 131.658  
0 0 0.190671 0.00315958 0.217601 0.00368192 0.370738 0.00250723 0.558314 0.00641201 0.695686 0.00536385 1 0 0.0256666 0.130883 0.22307 0.318877 0.370596 0.32848 0.547464 0.358981 0.886119 0.283801 1.00658 0.162934 146.311  
0 0 0.13542 0.0133102 0.238523 0.000757408 0.410317 0.00181586 0.5903 0.00735122 0.76086 0.00840967 1 0 0.0277531 0.102696 0.288735 0.308526 0.412817 0.308874 0.565533 0.336717 0.879773 0.251323 1.01234 0.0932833 165.141  
0 0 0.172438 0.00331796 0.231264 0.00311273 0.410255 0.00103534 0.610126 0.00322702 0.751817 0.00533447 1 0 0.0246614 0.124358 0.276889 0.300062 0.405736 0.310505 0.568196 0.333655 0.889002 0.265153 1.0026 0.140287 161.791  
0 0 0.163445 0.00548427 0.24485 0.00565777 0.385591 0.00960762 0.56706 0.00747949 0.698423 0.0142045 1 0 0.0340505 0.12033 0.236085 0.287529 0.374449 0.281308 0.554012 0.31533 0.85557 0.258251 0.993629 0.144441 157.474  
0 0 0.169746 0.00752618 0.259903 0.00472253 0.397613 0.00165961 0.595781 0.00159461 0.721743 0.0129214 1 0 0.027602 0.115246 0.25107 0.292637 0.392463 0.306952 0.560154 0.320297 0.895889 0.249339 1.0013 0.114276 125.622  
0 0 0.179428 0.00876384 0.237546 0.00369004 0.386993 0.00184502 0.597325 0.00922509 0.714945 0.00184502 1 0 0.0387454 0.120849 0.270987 0.285286 0.386993 0.285286 0.574954 0.310886 0.872232 0.244234 0.991928 0.131458 163.315  
0 0 0.176544 0.00790891 0.224396 0.00414985 0.384211 0.000405439 0.55503 0.00446646 0.659319 0.00764496 1 0 0.0279873 0.115058 0.264353 0.292826 0.390667 0.29259 0.561484 0.323202 0.850958 0.241871 0.974438 0.120347 145.588  
0 0 0.170443 0.000721879 0.243388 0.00265216 0.384902 0.00121038 0.580495 0.00245439 0.720095 0.00981162 1 0 0.0257849 0.11541 0.261009 0.296546 0.389315 0.294645 0.568555 0.336785 0.878626 0.258804 0.994034 0.152515 116.756  
0 0 0.260923 0.00604609 0.340754 0.00546182 0.440347 0.00106319 0.612016 0.000384604 0.690132 0.00106392 1 0 0.0313154 0.144206 0.296995 0.319324 0.422736 0.342498 0.605155 0.346798 0.887111 0.273821 1.00603 0.12575 85.6238  
0 0 0.20975 0.00581458 0.278826 0.00259947 0.401647 0.00362671 0.587253 0.00372028 0.75903 0.0147607 1 0 0.0307146 0.11216 0.260091 0.283977 0.386644 0.306609 0.549014 0.320787 0.865515 0.25367 0.997847 0.0994198 105.073  
0 0 0.196608 0.0123562 0.271984 0.0128457 0.396048 0.0140821 0.598853 0.0138583 0.694997 0.0086624 1 0 0.0400121 0.137018 0.262447 0.287462 0.396479 0.299801 0.618969 0.311822 0.863167 0.261872 0.994603 0.122083 109.968  
0 0 0.172891 0.00280376 0.258486 0.00336106 0.365285 0.00893124 0.582234 0.00904327 0.744033 0.0101493 1 0 0.0296722 0.118657 0.272034 0.310186 0.383473 0.318656 0.597041 0.344068 0.891952 0.263137 0.984334 0.137288 89.6586  
0 0 0.174813 0.000185325 0.253513 0.00147025 0.389387 0.00142975 0.578303 0.00161713 0.708368 3.43195e-005 1 0 0.0318866 0.126759 0.234906 0.309856 0.368285 0.354593 0.565433 0.338019 0.860383 0.275065 0.987568 0.135055 79.7467  
0 0 0.223338 0.0168908 0.29409 0.0146283 0.424997 0.0111948 0.587819 0.0106796 0.690452 0.00956643 1 0 0.0430591 0.175284 0.284698 0.326451 0.412603 0.353475 0.583327 0.331802 0.890273 0.274284 0.995968 0.122121 73.8018  
0 0 0.187457 0.000735662 0.257276 0.00248624 0.398436 0.000484085 0.588239 0.000415194 0.701976 0.00178687 1 0 0.0314176 0.127036 0.281987 0.33962 0.405913 0.346712 0.579257 0.349457 0.886263 0.277633 0.998117 0.116506 85.7756  
0 0 0.179137 0.0089014 0.270984 0.00224607 0.37455 0.00185177 0.551607 0.016049 0.732693 0.000946815 1 0 0.0150632 0.0969071 0.253308 0.293185 0.377423 0.294493 0.550419 0.32991 0.847317 0.257511 1.00994 0.0760466 146.241  
0 0 0.181786 0.000782257 0.240488 0.00263472 0.398392 0.00430481 0.600052 0.00224904 0.710524 0.000417524 1 0 0.0359518 0.130923 0.26596 0.289794 0.389163 0.303692 0.576819 0.320171 0.881265 0.250189 0.986056 0.113313 113.832  
0 0 0.253319 0.000221239 0.318473 0.00210177 0.435398 0.00597345 0.619248 0.0112832 0.726438 0.0034292 1 0 0.0403208 0.162002 0.282743 0.35531 0.411836 0.413164 0.663883 0.347179 0.900885 0.243363 1.00133 0.105088 41.7288  
0 0 0.231135 0.0105975 0.247165 0.00982473 0.381024 0.00242699 0.584449 0.00679879 0.675873 0.00144657 1 0 0.0373786 0.15185 0.254931 0.319815 0.385495 0.344895 0.5734 0.328302 0.884188 0.272484 0.981277 0.126679 65.3624  
0 0 0.168053 0.00665557 0.23246 0.00485195 0.402453 0.00463303 0.591769 0.00889663 0.714753 0.00551867 1 0 0.0328263 0.124274 0.253379 0.292988 0.387643 0.302 0.582105 0.329684 0.866389 0.261751 0.985835 0.149387 123.118  
0 0 0.211716 0.00399005 0.252784 0.000359822 0.404601 0.00109498 0.594018 0.0016963 0.704738 0.000537308 1 0 0.0243874 0.110023 0.249991 0.2949 0.389629 0.307088 0.56825 0.321745 0.869433 0.267061 0.996524 0.135797 112.848  
0 0 0.199732 0.00236981 0.270032 0.000846816 0.400578 0.00291409 0.585154 0.00557025 0.685067 0.00122732 1 0 0.0315217 0.11334 0.279972 0.291386 0.395835 0.313024 0.595047 0.32201 0.864323 0.265496 0.987896 0.13375 98.4636  
0 0 0.182326 0.00481296 0.280635 0.0159484 0.398035 0.00973074 0.599269 0.00417324 0.708032 0.00160954 1 0 0.036761 0.130048 0.288303 0.299328 0.409714 0.312937 0.586549 0.319072 0.866388 0.267436 0.982267 0.14091 104.179  
0 0 0.243163 0.00565767 0.290301 0.00732629 0.424664 0.00323296 0.622266 0.00432799 0.71507 0.00761309 1 0 0.049824 0.159406 0.297086 0.337935 0.406805 0.365109 0.629025 0.331411 0.89152 0.230087 0.986794 0.104693 44.7589  
0 0 0.226146 0.00304342 0.294389 0.00105662 0.399756 0.00196294 0.575443 0.0151888 0.727037 0.00849324 1 0 0.0295443 0.116834 0.278496 0.279602 0.401398 0.301696 0.584341 0.311546 0.855238 0.263716 0.996174 0.132419 123.555  
0 0 0.197743 0.00320632 0.283775 0.00204826 0.378388 0.00595974 0.583449 0.00398939 0.689454 0.00072561 1 0 0.026475 0.105999 0.247278 0.27979 0.363245 0.309678 0.563259 0.322806 0.858396 0.253001 0.991444 0.133616 119.942  
0 0 0.204142 0.00923576 0.275594 0.00318035 0.398572 0.00317616 0.615208 0.00775954 0.735818 0.00247778 1 0 0.0342948 0.133465 0.280386 0.289448 0.395811 0.298048 0.582538 0.325817 0.888435 0.267385 0.993359 0.136882 102.165  
0 0 0.160369 0.0129419 0.251049 0.0106342 0.396057 0.0101048 0.576117 0.00963639 0.693679 0.0116593 1 0 0.0324701 0.118556 0.244136 0.3041 0.374114 0.315057 0.567541 0.331957 0.882217 0.248111 1.00215 0.0845214 96.7543  
0 0 0.217459 0.00860438 0.300044 0.0121311 0.392609 0.00746942 0.571629 0.00108611 0.733353 0.0146573 1 0 0.0324953 0.121667 0.280836 0.302875 0.414665 0.321876 0.577658 0.321543 0.881365 0.241903 0.999592 0.0890679 86.7925  
0 0 0.236297 0.00749887 0.303636 0.00996153 0.439621 0.0103633 0.612379 0.00525273 0.699329 0.00271832 1 0 0.030287 0.135964 0.260557 0.303719 0.386841 0.354376 0.586825 0.32331 0.87325 0.237035 0.990153 0.095322 57.8845  
0 0 0.199043 0.00310964 0.275292 0.000371246 0.413495 0.00500483 0.615967 0.00803508 0.730748 0.00194665 1 0 0.0450611 0.149198 0.265543 0.308283 0.401554 0.32417 0.615887 0.334357 0.891149 0.256545 0.98438 0.127729 89.6769  
0 0 0.219718 0.00223736 0.275709 0.00122959 0.413605 0.00410354 0.571759 0.00439637 0.71171 0.003417 1 0 0.0388022 0.125988 0.265956 0.307951 0.411498 0.339076 0.574901 0.333485 0.874098 0.255479 0.993071 0.0734744 102.461  
0 0 0.222256 0.0120048 0.30014 0.0126897 0.419477 0.0137391 0.601679 0.00905999 0.689645 0.00606472 1 0 0.0402034 0.147602 0.277545 0.341087 0.40188 0.373153 0.634368 0.332305 0.899483 0.227369 0.986226 0.0992717 53.3897  
0 0 0.169337 0.000233468 0.244436 0.000126786 0.371859 0.00136623 0.546949 0.00359102 0.735225 0.00639559 1 0 0.0191157 0.117024 0.2517 0.301654 0.382247 0.314817 0.570899 0.320094 0.853349 0.2484 1.01249 0.109019 128.998  
0 0 0.191624 0.00256894 0.269061 0.0041036 0.382308 0.00115309 0.559615 0.00242819 0.696115 0.000891315 1 0 0.0334861 0.113955 0.264418 0.302922 0.394859 0.312847 0.584162 0.343113 0.861441 0.268625 0.997881 0.114677 132.354  
0 0 0.221234 0.000631841 0.239093 0.00241 0.390784 0.00173293 0.593692 0.00240691 0.70645 0.00259399 1 0 0.0239793 0.119531 0.266093 0.300349 0.396428 0.315143 0.569539 0.337476 0.887527 0.262779 1.01315 0.116705 142.458  
0 0 0.200227 0.00920716 0.287099 0.00374884 0.411012 0.00805346 0.584094 0.0117749 0.698184 0.0039578 1 0 0.0235507 0.128388 0.251616 0.307904 0.398816 0.336729 0.594847 0.353261 0.867389 0.280894 0.991588 0.140199 126.981  
0 0 0.167787 0.00174145 0.2577 0.00192017 0.377734 0.00359884 0.56431 9.19249e-005 0.710668 0.00397423 1 0 0.0331742 0.128178 0.248279 0.301932 0.37822 0.33197 0.581596 0.350386 0.877019 0.277496 1.00915 0.121837 118.75  
0 0 0.175314 0.0160484 0.241535 0.0137576 0.385884 0.0162911 0.573369 0.0211545 0.678794 0.0179755 1 0 0.0418244 0.115604 0.228466 0.315511 0.375321 0.334895 0.543112 0.347925 0.848125 0.278009 0.990449 0.120152 124.259  
0 0 0.184651 0.00798353 0.302345 0.0140455 0.431065 0.0270616 0.597232 0.0192382 0.716459 0.0144115 1 0 0.0461741 0.177491 0.277159 0.357646 0.413554 0.404518 0.598296 0.3498 0.891845 0.218529 0.981002 0.0876244 30.8152  
0 0 0.177685 0.00342693 0.253193 0.00363024 0.382036 0.00987416 0.601536 0.00227549 0.720172 0.00094007 1 0 0.0234782 0.115183 0.243669 0.296984 0.380104 0.314101 0.618368 0.327424 0.87245 0.245911 1.00509 0.0955063 119.113  
0 0 0.169755 0.0015106 0.229318 0.00437831 0.39588 0.0039507 0.593848 0.000480962 0.736018 0.00953757 1 0 0.0284426 0.114365 0.259423 0.27164 0.388206 0.27163 0.582953 0.296934 0.85646 0.238917 1.00195 0.0983515 115.29  
0 0 0.197117 0.00510551 0.271739 0.00260136 0.378704 0.00564688 0.582051 0.00127358 0.673992 0.00397577 1 0 0.0327207 0.115729 0.260927 0.271369 0.376963 0.267859 0.575973 0.303729 0.847656 0.243749 0.993013 0.0922892 120.269  
0 0 0.213657 0.00502905 0.264569 0.011274 0.390266 0.0060848 0.598495 0.00395974 0.725739 0.00366662 1 0 0.0343091 0.0966118 0.252514 0.282955 0.387291 0.307156 0.571415 0.330818 0.859724 0.261634 0.995746 0.106601 118.79  
