0 0 0.137699 0.000251023 0.296677 0.00665943 0.415288 0.00225324 0.642793 0.00510124 0.808627 0.00681394 1 0 0.0106435 0.135836 0.191065 0.271299 0.425932 0.354478 0.620406 0.302939 0.895787 0.255128 1.06658 0.1597 98.7117  
0 0 0.126214 0.00534674 0.268559 0.0020102 0.423293 0.00109724 0.642893 0.0104965 0.809439 0.00377611 1 0 0.00517725 0.132975 0.216568 0.264593 0.407965 0.337062 0.618279 0.297338 0.915496 0.228777 1.0651 0.103053 89.1668  
0 0 0.155474 0.00660298 0.309492 0.000147574 0.450485 0.000650365 0.693259 0.000164602 0.812215 0.00433971 1 0 0.0237331 0.13585 0.217703 0.261646 0.427109 0.347644 0.629306 0.301562 0.917795 0.249615 1.08699 0.154716 100.561  
0 0 0.124914 0.00274537 0.301304 0.00274537 0.456417 0.00137268 0.669183 0.00137268 0.800275 0.00411805 1 0 0.0343171 0.148593 0.194921 0.269732 0.425875 0.345916 0.623542 0.312972 0.905628 0.257378 1.06177 0.148936 101.833  
0 0 0.171233 0.00901436 0.315665 0.00976303 0.456098 0.00878283 0.651753 0.000829321 0.811315 0.0104927 1 0 0.0308804 0.185146 0.258335 0.304669 0.467985 0.398633 0.635246 0.314853 0.908872 0.229751 1.03882 0.120441 48.4528  
0 0 0.138682 0.00738321 0.300261 0.00574448 0.449022 0.00694027 0.649137 0.00491071 0.810702 0.00191985 1 0 0.0280875 0.137617 0.217074 0.267424 0.40881 0.372487 0.633963 0.30192 0.909746 0.232597 1.07229 0.1271 99.2797  
0 0 0.116021 0.00565607 0.24026 0.00209043 0.424634 0.00306155 0.650198 0.00331359 0.808178 0.0124271 1 0 0.0391369 0.134399 0.194889 0.270567 0.421132 0.348394 0.608256 0.308987 0.910806 0.239188 1.06159 0.129487 97.2532  
0 0 0.124563 0.00142597 0.295421 0.0082823 0.429944 0.00893982 0.63991 0.00916777 0.825795 0.0301734 1 0 0.0213476 0.133096 0.195379 0.263408 0.422839 0.350179 0.626373 0.290766 0.908924 0.227055 1.0755 0.131693 102.335  
0 0 0.162844 0.0214733 0.28888 0.0234517 0.424544 0.0282119 0.632155 0.00503263 0.784907 0.00258373 1 0 0.0310859 0.212181 0.263913 0.296561 0.448562 0.38773 0.608863 0.298752 0.899702 0.220487 1.02964 0.11546 34.0517  
0 0 0.156882 0.00535077 0.286415 0.00698573 0.459981 0.0157922 0.629385 0.00772889 0.765049 0.007989 1 0 0.019025 0.172934 0.262244 0.341799 0.463511 0.405916 0.609338 0.324186 0.890216 0.229693 1.01821 0.12199 31.9047  
0 0 0.151038 0.059019 0.304465 0.0700809 0.418482 0.0570511 0.60999 0.0367012 0.726803 0.0295445 1 0 0.016727 0.157643 0.189524 0.283332 0.441708 0.401497 0.630555 0.323154 0.912202 0.217277 1.07628 0.113215 87.5328  
0 0 0.149678 0.00521969 0.292959 0.00707566 0.490162 0.00680289 0.641005 0.0077361 0.78565 0.00438863 1 0 0.0281488 0.164285 0.247379 0.309215 0.467223 0.439263 0.615726 0.317404 0.906234 0.232321 1.02742 0.120738 38.1338  
0 0 0.160563 0.000301526 0.299544 0.00694921 0.433803 0.000124314 0.671364 0.00155612 0.821592 0.00248186 1 0 0.0375577 0.147892 0.210336 0.28027 0.447418 0.369014 0.632405 0.316878 0.911739 0.255396 1.07465 0.132388 101.913  
0 0 0.139415 0.0102734 0.2388 0.00317091 0.409592 0.00692701 0.661379 0.0171372 0.803397 0.005778 1 0 0.0362374 0.143987 0.204108 0.261432 0.434054 0.338091 0.630988 0.288773 0.910264 0.227706 1.06584 0.140576 100.007  
0 0 0.145287 0.00315916 0.261312 0.000978653 0.417931 0.00473874 0.643576 0.00685629 0.782264 0.00587764 1 0 0.0162422 0.147814 0.190477 0.274335 0.4035 0.363856 0.616119 0.327053 0.915644 0.255686 1.07053 0.136699 100.032  
0 0 0.161541 0.0021121 0.308309 0.00645 0.432511 0.000121269 0.664603 0.00635399 0.798729 0.00472949 1 0 0.0283479 0.141757 0.208722 0.261292 0.451476 0.31812 0.62132 0.281534 0.897514 0.253529 1.07263 0.143788 104.386  
0 0 0.162274 0.00369368 0.335976 0.000599542 0.448868 0.00331187 0.649025 0.00109799 0.794521 0.00262135 1 0 0.0118968 0.126106 0.208977 0.262344 0.425914 0.342114 0.627879 0.291433 0.907846 0.24162 1.07801 0.129629 107.817  
0 0 0.152013 0.00120887 0.297404 0.00326824 0.428634 0.00512701 0.662797 0.00655519 0.819557 0.00594273 1 0 0.0184366 0.136887 0.194524 0.270996 0.408881 0.344177 0.635431 0.306899 0.915483 0.245027 1.07125 0.135997 102.278  
0 0 0.148016 0.00228719 0.291241 0.00472201 0.41257 0.00783174 0.644626 0.00341906 0.803168 0.00831683 1 0 0.0285031 0.141657 0.221792 0.260533 0.43543 0.327046 0.617318 0.286219 0.900258 0.244273 1.06707 0.16138 107.253  
0 0 0.154688 0.0135151 0.223763 0.0207429 0.40976 0.00688641 0.657435 0.0127837 0.811109 0.00493489 1 0 0.0217348 0.148602 0.206922 0.266835 0.4155 0.330577 0.642036 0.285347 0.920582 0.221307 1.06406 0.118938 95.8197  
0 0 0.150605 0.002673 0.269598 0.00255489 0.438829 0.00476056 0.661253 0.0128001 0.798729 0.0064835 1 0 0.0276082 0.140136 0.231145 0.280191 0.444775 0.35785 0.637737 0.305571 0.914713 0.243127 1.05395 0.129453 93.9055  
0 0 0.12651 0.00122607 0.262198 0.000973868 0.407057 0.0014633 0.632507 0.000229733 0.799218 0.0105952 1 0 0.0289339 0.146272 0.207731 0.254783 0.409142 0.320867 0.616219 0.277815 0.895337 0.22546 1.05396 0.127235 97.1378  
0 0 0.148573 0.0047315 0.275525 0.00677479 0.427782 0.00453355 0.642679 0.0108486 0.809463 0.00285422 1 0 0.0245323 0.130123 0.205986 0.256082 0.447947 0.333354 0.616056 0.283449 0.885499 0.24221 1.05646 0.132061 103.704  
0 0 0.16981 0.00378963 0.30507 0.000795713 0.395811 0.00115905 0.64234 0.00632573 0.808317 0.00316832 1 0 0.0279644 0.151716 0.203672 0.278134 0.409445 0.345099 0.62192 0.301128 0.916061 0.236203 1.07518 0.112939 98.5465  
0 0 0.153578 0.0044435 0.290123 0.00387336 0.451138 0.00129874 0.663882 0.00791662 0.805716 0.00381292 1 0 0.0203788 0.148197 0.216018 0.272107 0.443354 0.338147 0.639163 0.303353 0.931341 0.236796 1.06996 0.11028 94.1702  
0 0 0.169334 0.00390399 0.305526 0.00438626 0.424469 0.0066634 0.639219 0.000319519 0.818252 0.00717118 1 0 0.025056 0.140995 0.202945 0.25753 0.42592 0.333061 0.617576 0.287612 0.892323 0.234441 1.06866 0.143952 94.8923  
0 0 0.153484 0.00171485 0.28228 0.0013998 0.42713 0.000200483 0.670971 0.00390942 0.809247 0.00135684 1 0 0.0406713 0.149217 0.209693 0.268231 0.428424 0.330157 0.607558 0.292047 0.925402 0.23038 1.04795 0.114693 83.3112  
0 0 0.152559 0.00541103 0.30308 0.00511241 0.437228 0.00132404 0.667231 0.00352741 0.80142 0.00539908 1 0 0.0288009 0.145371 0.212047 0.285209 0.436769 0.358998 0.628418 0.320381 0.934394 0.238982 1.05703 0.112891 72.5512  
0 0 0.112438 0.00161602 0.283514 0.00285271 0.433735 7.74141e-005 0.653828 0.00169924 0.789569 0.00152119 1 0 0.0281226 0.144571 0.224876 0.273136 0.435313 0.341371 0.633748 0.286744 0.90524 0.234124 1.06827 0.131301 90.9165  
0 0 0.147863 0.00327062 0.298012 0.00265004 0.435076 0.00989093 0.639336 0.00180184 0.783315 0.00356054 1 0 0.0247872 0.147046 0.187344 0.275876 0.41943 0.341357 0.595247 0.300592 0.897813 0.261587 1.07234 0.154015 88.7878  
0 0 0.105934 0.00748752 0.255432 0.00491023 0.417984 0.00598981 0.648006 0.0159245 0.819279 0.0112176 1 0 0.0210425 0.141889 0.180689 0.261258 0.414005 0.318943 0.618286 0.283025 0.908928 0.230053 1.0704 0.116837 97.8421  
0 0 0.116165 0.00497203 0.292946 0.00575266 0.445351 0.0104298 0.659816 0.00646599 0.799624 0.00828709 1 0 0.0248607 0.130905 0.186811 0.258528 0.4132 0.339102 0.601367 0.286636 0.901255 0.248119 1.06952 0.13865 94.4905  
0 0 0.14434 0.00310393 0.29335 0.00537683 0.450804 0.00492298 0.655174 0.00481469 0.803277 0.0142324 1 0 0.0264796 0.152418 0.212147 0.269426 0.442182 0.323623 0.609479 0.294015 0.906258 0.252421 1.07253 0.162304 89.3466  
0 0 0.15624 0.00194256 0.323544 0.00112444 0.424679 0.000666544 0.65807 0.00289956 0.790353 0.00254568 1 0 0.0262787 0.139101 0.211717 0.278852 0.447005 0.333519 0.615037 0.291017 0.901982 0.249948 1.07069 0.139141 90.254  
0 0 0.162217 0.00481678 0.287114 0.00957672 0.417357 0.00520542 0.646598 0.00860106 0.795113 0.00806567 1 0 0.0201775 0.137464 0.210192 0.260087 0.430682 0.330161 0.619945 0.271509 0.898695 0.247518 1.06701 0.146605 106.723  
0 0 0.159842 0.00144039 0.346445 0.000191165 0.449352 0.00300822 0.669443 0.00197117 0.827584 0.00470349 1 0 0.0288718 0.17277 0.21965 0.301289 0.445213 0.363438 0.639785 0.330905 0.926782 0.281987 1.08658 0.119256 100.51  
0 0 0.144754 0.00525143 0.286105 0.000895087 0.420979 0.00578157 0.631678 0.00505551 0.827529 0.00369944 1 0 0.0111021 0.142695 0.185654 0.266025 0.422387 0.34719 0.616138 0.292307 0.890888 0.247687 1.05789 0.147762 106.004  
0 0 0.161445 0.00215903 0.31994 0.0137597 0.445054 0.00848751 0.655257 0.00358658 0.791248 0.00563454 1 0 0.0272072 0.141457 0.200703 0.286148 0.418865 0.371307 0.620319 0.326179 0.902181 0.273451 1.06608 0.142932 96.6902  
0 0 0.150509 0.00928717 0.28669 0.0114788 0.442252 0.0112213 0.665634 0.0028746 0.769993 0.00239597 1 0 0.0320922 0.14732 0.221968 0.288958 0.426835 0.345427 0.628355 0.310808 0.907229 0.250421 1.07147 0.11744 87.7227  
0 0 0.150092 0.00403957 0.266721 0.00507251 0.418188 0.00507502 0.661895 0.00530142 0.795417 0.0154659 1 0 0.0198128 0.130114 0.217147 0.277625 0.404265 0.346494 0.630303 0.304433 0.917087 0.242124 1.06693 0.130447 105.255  
0 0 0.148097 0.005518 0.274625 0.0140259 0.405601 0.00190465 0.648097 0.005518 0.797972 0.00278435 1 0 0.0351435 0.146108 0.185365 0.266645 0.410505 0.350162 0.637646 0.301702 0.910128 0.26239 1.08402 0.141179 100.825  
0 0 0.179817 0.00127516 0.303349 0.0010478 0.417629 0.00155194 0.647078 0.00163101 0.790825 0.00582223 1 0 0.0193794 0.137336 0.236072 0.280416 0.409241 0.339859 0.612214 0.302914 0.88914 0.254587 1.07184 0.143673 97.2278  
0 0 0.135186 0.00494679 0.312601 0.00645611 0.462425 0.0110575 0.667183 0.00109708 0.811821 0.00939203 1 0 0.0279792 0.135157 0.189505 0.238002 0.415163 0.317155 0.607373 0.266649 0.87739 0.246008 1.04989 0.125671 90.5456  
0 0 0.138164 0.00405392 0.309167 0.00226303 0.424104 0.00395081 0.657164 0.00510675 0.79929 0.00696819 1 0 0.0185981 0.114964 0.205776 0.248806 0.405411 0.323443 0.60118 0.273306 0.899306 0.232319 1.05686 0.132412 105.189  
0 0 0.140798 0.000563191 0.289624 0.0060415 0.427187 0.00330875 0.648822 0.00540471 0.824009 0.00230396 1 0 0.0231916 0.130001 0.211993 0.257593 0.416009 0.329611 0.616009 0.288789 0.895987 0.244406 1.06118 0.149202 103.804  
0 0 0.138654 0.00321498 0.273573 0.0109507 0.40267 0.000819577 0.638978 0.00912898 0.768233 0.00750472 1 0 0.0221267 0.158333 0.185577 0.282536 0.416824 0.351325 0.602748 0.32507 0.898688 0.287732 1.08474 0.165587 89.2294  
0 0 0.142143 0.000472629 0.284292 0.000717235 0.428083 0.00391715 0.655036 0.00197827 0.795525 0.00400491 1 0 0.0224644 0.141708 0.185788 0.263892 0.424364 0.348684 0.629679 0.306288 0.919786 0.246452 1.06983 0.126759 98.8379  
0 0 0.145593 0.00452922 0.288869 0.00227476 0.410171 0.00251081 0.651281 0.00250404 0.806561 0.00120579 1 0 0.0255584 0.130523 0.203276 0.261902 0.411504 0.329811 0.621444 0.294816 0.923573 0.238423 1.08047 0.121823 95.7126  
0 0 0.161666 0.00218895 0.308157 0.00461954 0.430523 0.000644851 0.654499 0.00232643 0.822728 0.00898753 1 0 0.00765353 0.133687 0.238426 0.273283 0.436377 0.325147 0.624622 0.290023 0.921895 0.245996 1.08992 0.153033 97.772  
0 0 0.154268 0.0028336 0.277642 0.00167129 0.422152 0.00498328 0.663674 0.00277698 0.803601 0.00182754 1 0 0.0455372 0.141094 0.212567 0.266399 0.42215 0.342704 0.617769 0.301312 0.902904 0.244142 1.06728 0.13881 109.415  
0 0 0.159596 0.00141736 0.291767 0.00978328 0.441461 0.00376705 0.653464 0.00569707 0.807639 0.00977071 1 0 0.0340052 0.157161 0.200048 0.272849 0.435329 0.3473 0.635358 0.299006 0.907643 0.239233 1.06619 0.136358 105.24  
0 0 0.149953 0.00390789 0.313285 0.00797594 0.444252 0.00954386 0.659756 0.00860271 0.825251 0.00847131 1 0 0.0307918 0.115133 0.209117 0.252764 0.427705 0.330255 0.645292 0.286273 0.897754 0.242571 1.07386 0.142929 114.023  
0 0 0.187621 0.00858577 0.323994 0.00234325 0.470947 0.00486603 0.664096 0.00389007 0.790668 0.00606298 1 0 0.0235706 0.168942 0.220438 0.302014 0.45003 0.408871 0.620645 0.343958 0.916168 0.248872 1.05679 0.123891 69.117  
0 0 0.147885 0.00419041 0.27271 0.00150243 0.447941 0.000602337 0.671128 0.00463158 0.81662 0.00790687 1 0 0.034773 0.16692 0.203312 0.285623 0.433907 0.373946 0.62765 0.322314 0.928622 0.259504 1.07521 0.145445 100.79  
0 0 0.155094 0.0065009 0.298001 0.00360432 0.464217 0.0126912 0.662177 0.00940068 0.824485 0.00134822 1 0 0.0434287 0.176563 0.217815 0.297062 0.433365 0.36261 0.617449 0.314693 0.897324 0.264658 1.07754 0.153963 91.9508  
0 0 0.125213 0.00363856 0.276518 0.00720357 0.428416 0.00537723 0.662941 0.00448466 0.801929 0.00205758 1 0 0.0283168 0.142352 0.190751 0.263435 0.399938 0.345704 0.62248 0.298776 0.900111 0.257698 1.06008 0.128119 95.277  
0 0 0.132351 0.000491594 0.279007 0.000446524 0.447682 0.0127029 0.674801 0.0046971 0.815803 0.000592887 1 0 0.0345141 0.140751 0.196053 0.271868 0.4188 0.357291 0.637205 0.322428 0.912742 0.265115 1.06933 0.134293 106.934  
0 0 0.14068 0.00452795 0.297031 0.00517048 0.464661 0.000581566 0.679002 0.00794896 0.81792 0.000138897 1 0 0.0348214 0.156312 0.208804 0.289641 0.421954 0.367062 0.641125 0.32076 0.93126 0.249984 1.07625 0.138797 102.645  
0 0 0.15719 0.00613303 0.272889 0.0142668 0.438432 0.0135335 0.67867 0.0176419 0.802934 0.0050503 1 0 0.0376562 0.132055 0.205106 0.266524 0.410884 0.351748 0.636603 0.313253 0.931895 0.246423 1.07671 0.117717 106.011  
0 0 0.165856 0.0067943 0.292338 0.00181636 0.43149 0.00501547 0.654231 0.0149743 0.799007 0.00674491 1 0 0.0361861 0.145471 0.19747 0.269508 0.48805 0.359114 0.617346 0.326778 0.902662 0.26002 1.06921 0.137387 100.731  
0 0 0.168831 0 0.348485 0 0.5 0 0.642857 0 0.807359 0.0151515 1 0 0.0422078 0.199134 0.268398 0.334416 0.488095 0.467532 0.67316 0.351732 0.91342 0.212121 1.02165 0.0974026 27.8339  
0 0 0.136372 0.00790577 0.281712 0.0121266 0.430174 0.00353457 0.649664 0.00454041 0.79132 0.00020681 1 0 0.036516 0.192145 0.225737 0.312659 0.448471 0.419001 0.625881 0.32439 0.879124 0.201353 1.003 0.0924486 27.8297  
0 0 0.16937 0.00842637 0.318096 0.010533 0.473562 0.00905835 0.679376 0.0147462 0.791026 0.00463451 1 0 0.0436065 0.214557 0.272804 0.31462 0.503687 0.430061 0.661049 0.291974 0.897409 0.221824 1.0257 0.113019 27.9646  
0 0 0.157376 0.00334842 0.336109 0.00289593 0.472398 0.00271493 0.646878 0.00325792 0.77457 0.00479638 1 0 0.019276 0.197873 0.243552 0.319208 0.456222 0.466267 0.649208 0.328801 0.891561 0.218077 1.02131 0.0979186 28.1282  
0 0 0.162835 0.0127216 0.298501 0.0136737 0.452315 0.0118291 0.656468 0.00332024 0.789885 0.00811615 1 0 0.0229204 0.192503 0.24186 0.307432 0.449923 0.423956 0.637719 0.293127 0.886535 0.209395 1.01676 0.0957218 30.0082  
0 0 0.173358 0.00121306 0.327947 0.00139315 0.491658 0.000265037 0.64677 0.00409449 0.797447 0.00297318 1 0 0.0268503 0.196821 0.270335 0.310478 0.475498 0.457244 0.650677 0.322207 0.908363 0.207896 1.03428 0.107274 32.4815  
0 0 0.179854 2.57519e-005 0.307429 0.0017801 0.456732 0.00146142 0.659728 0.00490895 0.800584 0.00319645 1 0 0.0219953 0.196025 0.234756 0.301353 0.461662 0.448678 0.649696 0.320789 0.90822 0.221144 1.02849 0.0918425 33.8242  
0 0 0.198548 0.00653858 0.307772 0.00921184 0.441393 0.00888738 0.639483 0.00777293 0.783726 0.005276 1 0 -0.00616827 0.188691 0.242675 0.34495 0.431214 0.489561 0.633406 0.361741 0.91046 0.241084 1.04322 0.119754 39.8097  
0 0 0.170243 0.00516525 0.313396 0.00102714 0.442075 0.00505367 0.648596 0.0049946 0.751832 0.0022479 1 0 0.0217456 0.178477 0.236451 0.323269 0.469222 0.43562 0.632252 0.332367 0.881367 0.233619 1.01452 0.0887444 32.777  
0 0 0.145436 0.00468586 0.282006 0.00508363 0.449406 0.00507393 0.636715 0.0114091 0.801884 0.0092262 1 0 0.0351488 0.196001 0.250044 0.32169 0.480354 0.431759 0.62792 0.316053 0.885526 0.214691 1.01643 0.11233 26.8172  
0 0 0.15477 0.00709281 0.334681 0.00549443 0.458036 0.00887767 0.655602 0.00183814 0.795214 0.00139192 1 0 0.0269161 0.177284 0.242987 0.303852 0.459644 0.441782 0.624414 0.331657 0.90772 0.227696 1.03603 0.105077 46.3141  
0 0 0.141153 0.0152031 0.299214 0.0169069 0.435452 0.0127785 0.641022 0.0108781 0.798886 0.00609436 1 0 0.0262779 0.212254 0.264417 0.326868 0.460387 0.463073 0.654751 0.318381 0.889581 0.207798 1.00226 0.107045 27.8537  
0 0 0.177846 0.00517711 0.331106 0.0118145 0.477683 0.0199654 0.647595 0.0152763 0.786292 0.0126213 1 0 0.0322599 0.175967 0.243775 0.327347 0.44699 0.423683 0.627707 0.361879 0.926293 0.278281 1.08952 0.12489 74.0947  
0 0 0.179982 0.00283808 0.336316 0.00530327 0.478344 0.00165555 0.634699 0.000504087 0.775331 0.00222869 1 0 0.0235333 0.159681 0.2391 0.304766 0.454552 0.41393 0.64059 0.352195 0.922531 0.26554 1.0789 0.124231 63.7584  
0 0 0.150998 0.00306384 0.270634 0.000592496 0.412953 0.000950889 0.663449 0.00326054 0.833628 0.000763849 1 0 0.0320479 0.139639 0.191879 0.25665 0.454185 0.346855 0.635759 0.294488 0.918627 0.223772 1.0676 0.125564 106.442  
0 0 0.144665 0.00438868 0.276529 0.00371506 0.420498 0.00524874 0.66859 0.004028 0.80188 0.00469349 1 0 0.0306375 0.137206 0.214501 0.262999 0.423707 0.338272 0.636159 0.298294 0.925531 0.228049 1.05982 0.10086 99.1654  
0 0 0.140801 0.00740617 0.285069 0.00443156 0.429444 0.0066094 0.657624 0.00190466 0.795177 0.00534974 1 0 0.0214976 0.153132 0.207354 0.271661 0.435648 0.334685 0.619732 0.287839 0.907563 0.239934 1.07137 0.139883 97.1043  
0 0 0.139479 0.0074 0.303261 0.0112662 0.47852 0.0109183 0.671841 0.00348993 0.812 0.0019357 1 0 0.021218 0.154546 0.232046 0.285292 0.45958 0.410469 0.629058 0.303267 0.899417 0.225718 1.03126 0.117587 44.0383  
0 0 0.142725 0.005022 0.331388 0.00373606 0.426283 0.0220629 0.637519 0.00686184 0.762245 0.00470075 1 0 0.0235251 0.147318 0.210613 0.262168 0.436295 0.353002 0.619787 0.29812 0.889211 0.25926 1.07343 0.146375 100.295  
0 0 0.151954 0.0018109 0.290371 0.00332639 0.430309 0.00412262 0.675588 0.00496015 0.820185 0.000913936 1 0 0.016963 0.148628 0.210005 0.274872 0.462414 0.329263 0.647409 0.300648 0.949953 0.233957 1.08279 0.124553 95.2202  
0 0 0.162293 0.00461049 0.318519 0.00301148 0.424227 0.00491941 0.647998 0.00205728 0.814541 0.00692551 1 0 0.0344428 0.130955 0.205273 0.277287 0.409265 0.329201 0.610482 0.292324 0.89911 0.24865 1.07732 0.138258 107.382  
