0 0 0.153594 0.00600144 0.289754 0.00128607 0.439992 0.00377191 0.630709 0.00263098 0.758652 0.00818106 1 0 0.0365265 0.131166 0.215595 0.26095 0.408255 0.286112 0.585507 0.300947 0.909305 0.229916 1.02866 0.10121 210.4  
0 0 0.107307 0.00651125 0.263496 0.00217397 0.423034 0.00596753 0.611937 0.00673555 0.745837 0.00535063 1 0 0.0359243 0.135033 0.191352 0.262954 0.383204 0.295088 0.556639 0.286303 0.871504 0.237301 1.02748 0.125194 189.863  
0 0 0.167791 0.00109841 0.287836 0.000318231 0.463751 0.00649886 0.653077 0.00668074 0.743892 0.00672628 1 0 0.0390253 0.13596 0.230849 0.252463 0.429174 0.285512 0.595879 0.285458 0.905005 0.212656 1.01956 0.0774951 196.745  
0 0 0.165835 0.00018366 0.295523 0.00341729 0.453997 0.00442893 0.611248 0.00127759 0.738041 0.00324567 1 0 0.0264125 0.129322 0.225962 0.248548 0.419882 0.265545 0.573202 0.278295 0.882247 0.22516 1.03051 0.0996493 257.254  
0 0 0.169313 0.00131829 0.291699 0.00262089 0.443593 0.00423756 0.617847 0.00406743 0.746917 0.00553081 1 0 0.0362392 0.139842 0.222265 0.261561 0.420168 0.280154 0.590969 0.290287 0.893814 0.218673 1.01622 0.0890207 247.107  
0 0 0.160818 0.00156044 0.294489 0.00185889 0.439169 0.00296736 0.631661 0.000316633 0.759289 0.000837789 1 0 0.0462092 0.130706 0.233194 0.256036 0.412584 0.276907 0.576147 0.288973 0.879158 0.220848 1.01023 0.0977511 231.695  
0 0 0.17743 0.00243881 0.289942 0.00502742 0.459197 0.00563476 0.644074 0.00577985 0.759201 0.00185508 1 0 0.0382641 0.149573 0.23968 0.292547 0.418153 0.376533 0.593718 0.286969 0.867626 0.2005 0.994931 0.094912 62.234  
0 0 0.172521 0.00391541 0.286072 0.000291199 0.436395 0.00402741 0.60899 0.00113832 0.719469 0.000762617 1 0 0.0464025 0.130668 0.227275 0.265158 0.410159 0.279245 0.574677 0.278794 0.880926 0.22626 1.02771 0.0998885 241.095  
0 0 0.175167 0.00517887 0.290046 0.00296489 0.454625 0.00323777 0.634234 0.00134525 0.765642 0.00355168 1 0 0.0472524 0.127255 0.23887 0.245118 0.423509 0.267443 0.59282 0.282695 0.890048 0.22426 1.01752 0.102384 234.353  
0 0 0.17744 0.00178717 0.287353 0.00621851 0.44996 0.00793805 0.620662 0.00382067 0.736262 0.00505444 1 0 0.033066 0.128577 0.224941 0.248406 0.426864 0.264242 0.582057 0.270464 0.877252 0.226116 1.02468 0.109075 229.72  
0 0 0.153708 0.0008852 0.263442 0.0032805 0.428225 0.00532826 0.600289 0.00408673 0.737749 0.0040416 1 0 0.0369898 0.13348 0.217326 0.270441 0.401175 0.292746 0.56097 0.288757 0.879903 0.229976 1.02191 0.106203 213.082  
0 0 0.179828 0.00638403 0.277772 0.00189966 0.4576 0.00448437 0.629723 0.00447995 0.761625 0.00658462 1 0 0.0298971 0.138334 0.221709 0.271232 0.412183 0.289102 0.581508 0.288358 0.884779 0.238664 1.03888 0.121837 221.565  
0 0 0.148756 0.00963959 0.248724 0.00393366 0.431014 0.00216724 0.58898 0.00144594 0.744295 0.00119407 1 0 0.0333524 0.139504 0.208924 0.252725 0.394593 0.272097 0.546822 0.27354 0.859487 0.233688 1.03525 0.111044 216.87  
0 0 0.152045 0.00974154 0.275879 0.00373476 0.435224 0.00529616 0.620399 0.0024691 0.736942 0.00361109 1 0 0.0381401 0.129886 0.217582 0.268644 0.406081 0.285432 0.576033 0.294251 0.889086 0.225635 1.01341 0.0923068 214.637  
0 0 0.156712 0.00682463 0.280891 0.00535777 0.441207 0.00303861 0.626476 0.00272861 0.761324 7.53631e-005 1 0 0.0473238 0.145805 0.229756 0.281658 0.408653 0.292876 0.574321 0.309956 0.902808 0.222894 1.02313 0.0844824 215.163  
0 0 0.17136 0.00711818 0.280004 0.00699182 0.435973 0.00626536 0.599671 0.00511576 0.738243 0.00618633 1 0 0.0335436 0.128156 0.207359 0.261963 0.404587 0.289991 0.550896 0.296755 0.882886 0.244592 1.02605 0.109621 244.039  
0 0 0.176498 0.00528936 0.299793 0.00363395 0.503081 0.00245826 0.652883 0.00379303 0.749059 0.00509797 1 0 0.0552027 0.181367 0.267299 0.309131 0.447925 0.365886 0.609523 0.297123 0.895016 0.222316 1.00229 0.106442 42.5389  
0 0 0.179338 0.000391643 0.268454 0.00111985 0.460321 0.00572939 0.620365 0.005502 0.749802 0.0100755 1 0 0.0329413 0.135935 0.241753 0.273028 0.417148 0.27411 0.590312 0.279203 0.894484 0.237776 1.03749 0.101865 175.77  
0 0 0.167827 0.00306686 0.310024 0.00175027 0.474473 0.00132083 0.609559 0.00667194 0.753059 0.00291147 1 0 0.0521048 0.171413 0.265312 0.293298 0.422694 0.363345 0.581173 0.290098 0.862396 0.225207 1.00655 0.120596 53.5126  
0 0 0.176394 0.00187999 0.314526 0.00313681 0.457403 0.00919739 0.642914 0.0041547 0.777279 0.00671647 1 0 0.0495394 0.126018 0.246519 0.255842 0.440956 0.264977 0.603616 0.277334 0.899095 0.214351 1.02304 0.0925762 276.64  
0 0 0.179447 0.000503854 0.312651 0.0021881 0.463571 0.00126269 0.620931 0.00630407 0.749542 0.000591177 1 0 0.0344097 0.134134 0.243217 0.254206 0.431066 0.261243 0.572377 0.277853 0.870132 0.23226 1.02999 0.0934357 262.39  
0 0 0.18021 0.00251132 0.317704 0.00392688 0.461185 0.00278355 0.640376 0.00205822 0.768095 0.000231256 1 0 0.0427692 0.122076 0.258378 0.249095 0.436256 0.266733 0.608628 0.26747 0.897615 0.207258 1.02371 0.0959612 302.372  
0 0 0.194489 0.0111272 0.315968 0.00841065 0.491673 0.00794168 0.652925 0.00239035 0.752711 0.000365453 1 0 0.0469908 0.150397 0.260658 0.271875 0.438894 0.293929 0.603755 0.267174 0.88178 0.225961 1.02639 0.0990624 118.602  
0 0 0.153578 0.00030164 0.303197 0.0015577 0.448832 0.00673094 0.626178 0.000669119 0.753614 0.00404373 1 0 0.0286358 0.137785 0.230622 0.259266 0.422172 0.270104 0.576314 0.282009 0.900022 0.218987 1.03771 0.0928102 214.183  
0 0 0.17745 0.0136249 0.267995 0.00689241 0.449782 0.00793985 0.628497 0.00402132 0.738608 2.88312e-005 1 0 0.0428842 0.134038 0.234157 0.252613 0.396692 0.273448 0.572707 0.270894 0.872048 0.239806 1.02854 0.124955 194.843  
0 0 0.175041 0.00156025 0.312099 0.000122982 0.481988 0.00106957 0.637074 0.00145839 0.71431 0.00422858 1 0 0.047015 0.153795 0.246144 0.270585 0.416658 0.298213 0.58979 0.290839 0.896744 0.244524 1.02675 0.099397 131.868  
0 0 0.176951 0.000998414 0.288726 0.000547193 0.456107 0.00388663 0.629104 0.00366177 0.758868 0.00345902 1 0 0.0330632 0.136331 0.228808 0.263387 0.420519 0.271426 0.595225 0.278653 0.892436 0.228298 1.03786 0.110775 230.492  
0 0 0.178538 0.00549482 0.295108 0.003773 0.466326 0.00208006 0.6364 0.0019125 0.733198 0.00256541 1 0 0.0481071 0.147245 0.23949 0.2788 0.427568 0.299826 0.594614 0.287248 0.875315 0.247911 1.0367 0.12348 142.227  
0 0 0.185864 0.00903673 0.282915 0.00246408 0.462309 0.00442319 0.633047 0.00308804 0.742506 0.00850003 1 0 0.0468824 0.155024 0.246377 0.270579 0.41841 0.291042 0.594841 0.289152 0.88206 0.235542 1.01109 0.127093 152.448  
0 0 0.16919 0.00556243 0.264027 0.00466517 0.446641 0.00189379 0.620634 0.00250528 0.744725 0.000622061 1 0 0.0257517 0.142248 0.234696 0.277271 0.416563 0.282102 0.582686 0.285604 0.88834 0.233592 1.02161 0.110232 180.055  
0 0 0.1678 0.0106375 0.305613 0.00618127 0.441272 0.00547258 0.629498 0.00260188 0.698647 0.00455401 1 0 0.0353698 0.147987 0.246908 0.277212 0.414201 0.296791 0.573716 0.285534 0.890563 0.220082 1.01019 0.0863236 145.415  
0 0 0.189253 0.00552989 0.302725 0.00189894 0.471886 0.00611716 0.647152 0.00408705 0.735952 0.00383068 1 0 0.0460292 0.145195 0.2541 0.27413 0.422813 0.298806 0.585774 0.276801 0.874171 0.232814 1.01937 0.106567 102.486  
0 0 0.17555 0.00441298 0.270408 0.00261483 0.4403 0.00230326 0.616799 0.001526 0.756015 0.0016574 1 0 0.0332751 0.142283 0.240207 0.262621 0.426616 0.293532 0.572436 0.288818 0.893818 0.231478 1.03398 0.101226 223.07  
0 0 0.175048 0.00414213 0.272265 0.000548986 0.462264 0.00715221 0.623642 0.00817487 0.743048 0.0113887 1 0 0.0401999 0.129488 0.234117 0.261759 0.424415 0.273326 0.577803 0.275667 0.869388 0.233849 1.02206 0.120521 240.346  
0 0 0.165395 0.0018189 0.285647 0.000271751 0.445335 0.00295945 0.608342 0.00952553 0.738583 0.00413161 1 0 0.0460996 0.126189 0.222905 0.242147 0.415631 0.256171 0.575561 0.266875 0.865726 0.222669 1.01592 0.0879346 244.08  
0 0 0.187584 0.00137853 0.318232 0.000264375 0.473284 0.000363516 0.62945 0.00627892 0.729922 0.0053536 1 0 0.0365829 0.152106 0.254941 0.277257 0.429114 0.305429 0.58241 0.28105 0.882405 0.223312 1.02438 0.0874115 108.658  
0 0 0.166746 0.00823041 0.304408 0.00211862 0.470081 0.00515499 0.642021 0.00934342 0.748235 0.00705882 1 0 0.0421381 0.155621 0.264969 0.280351 0.438101 0.296002 0.57754 0.274142 0.873171 0.234689 1.02345 0.109656 114.56  
0 0 0.165405 0.00585257 0.300658 0.00705207 0.444758 0.00421994 0.623862 0.00288913 0.750795 0.00579215 1 0 0.0313583 0.12586 0.214473 0.250991 0.412364 0.281083 0.584642 0.288693 0.874143 0.229529 1.02395 0.0910651 233.286  
0 0 0.15427 0.00238661 0.269313 0.00209689 0.440289 0.000494948 0.611325 0.00182648 0.743959 0.00176853 1 0 0.0381593 0.134884 0.221163 0.261434 0.409341 0.277666 0.572106 0.288211 0.882033 0.230917 1.01941 0.081833 232.603  
0 0 0.166468 0.00546346 0.274071 0.00140405 0.442078 0.0063631 0.638306 0.00275771 0.765877 0.000849779 1 0 0.0340602 0.142664 0.224881 0.256666 0.409039 0.263834 0.593725 0.278454 0.898546 0.209774 1.02379 0.0817155 202.026  
0 0 0.157579 0.00457052 0.271452 0.00037259 0.440066 0.00437491 0.6011 0.000608732 0.738093 0.00157696 1 0 0.0453892 0.135985 0.217 0.257671 0.397157 0.27169 0.585808 0.287742 0.882102 0.22204 1.02489 0.0890691 204.054  
0 0 0.186058 0.00180003 0.292946 0.00240382 0.461668 0.00399669 0.630956 0.00499978 0.745227 0.000331251 1 0 0.0464837 0.149636 0.237518 0.27123 0.415092 0.284493 0.585566 0.287718 0.902984 0.222713 1.02651 0.0750668 179.852  
0 0 0.171979 0.00427181 0.300052 0.00120233 0.441192 0.00081485 0.607423 0.000205215 0.711969 0.00298587 1 0 0.0287501 0.139572 0.227773 0.270375 0.397805 0.293257 0.581286 0.299008 0.882906 0.228174 1.02431 0.105332 195.571  
0 0 0.147149 0.00709931 0.273675 0.0031348 0.435769 0.00404728 0.614614 0.00112478 0.745132 0.00604015 1 0 0.0395306 0.128208 0.213236 0.25279 0.394739 0.278402 0.581223 0.286241 0.872062 0.231894 1.02189 0.0973163 247.403  
0 0 0.196825 0.00265201 0.338455 0.000189091 0.486059 0.00256219 0.649141 0.00242982 0.747809 0.00315783 1 0 0.0818245 0.1892 0.320815 0.315809 0.443809 0.361415 0.606123 0.292307 0.876977 0.222943 1.00293 0.0899342 38.2869  
0 0 0.164218 0.0118477 0.299552 0.00850886 0.45635 0.00847822 0.627285 0.00371283 0.730948 0.0055413 1 0 0.0332636 0.140039 0.242315 0.264963 0.428071 0.266607 0.57852 0.265805 0.872096 0.234963 1.02454 0.100562 185.732  
0 0 0.150784 0.0118672 0.29061 0.0143233 0.434139 0.00253848 0.609979 0.00429871 0.728911 0.000248413 1 0 0.0199205 0.120152 0.20882 0.256621 0.408562 0.267291 0.577494 0.27604 0.882933 0.232002 1.03291 0.0916954 266.263  
0 0 0.172369 0.00231326 0.294336 0.00345575 0.450048 0.000245092 0.620983 0.0047944 0.748784 0.00171996 1 0 0.0293643 0.11828 0.228457 0.264475 0.430456 0.273027 0.585939 0.282834 0.883931 0.226236 1.03673 0.090108 237.801  
0 0 0.156242 0.00104082 0.286904 0.00324376 0.431866 0.00293933 0.614104 1.00678e-005 0.735434 0.00556272 1 0 0.0291615 0.133902 0.225478 0.275917 0.408418 0.286254 0.577105 0.293793 0.890318 0.228015 1.02028 0.0789501 228.722  
0 0 0.170629 0.00395872 0.30935 0.00597826 0.454357 0.00535089 0.610989 0.000439352 0.741266 0.00119599 1 0 0.0262108 0.128641 0.215342 0.25761 0.412269 0.280401 0.564542 0.291666 0.860438 0.244968 1.02469 0.10035 235.229  
0 0 0.170257 0.00241064 0.292283 0.00379929 0.467178 0.00271012 0.666486 0.0044553 0.760029 0.0018593 1 0 0.0290594 0.14178 0.229518 0.266384 0.445971 0.271656 0.599963 0.266983 0.89049 0.23301 1.02179 0.119691 155.756  
0 0 0.168831 0.000620437 0.274581 0.00211 0.437382 0.00226102 0.614564 0.000357547 0.73376 0.00717417 1 0 0.0306133 0.143553 0.205474 0.261134 0.405614 0.276906 0.570269 0.278528 0.868271 0.244204 1.0255 0.118044 232.188  
0 0 0.188732 0.00486221 0.301135 0.00799257 0.456381 0.00621671 0.63254 0.00538795 0.747535 0.00380146 1 0 0.0494273 0.137488 0.243868 0.27627 0.414295 0.287245 0.590708 0.282537 0.888925 0.234188 1.03138 0.101158 153.986  
0 0 0.148451 0.00903999 0.260661 0.00276726 0.450482 0.00580953 0.62062 0.00368041 0.760715 0.00480162 1 0 0.0451058 0.162727 0.227308 0.284557 0.422705 0.329081 0.589665 0.295092 0.874255 0.243342 1.02413 0.11355 104.916  
0 0 0.162212 0.00704121 0.277826 0.000963412 0.471639 5.01978e-005 0.642318 0.00130707 0.749984 0.00144415 1 0 0.0437889 0.14995 0.245018 0.27913 0.423822 0.300938 0.591635 0.286219 0.900456 0.227957 1.0296 0.0887526 159.65  
0 0 0.142533 0.0118801 0.299448 0.0163842 0.449441 0.0183892 0.603914 0.0134789 0.728199 0.00549376 1 0 0.042781 0.128432 0.215264 0.241805 0.420944 0.261635 0.584322 0.270805 0.880405 0.230975 1.02722 0.0891353 210.086  
0 0 0.191591 0.0110354 0.290159 0.0131049 0.461513 0.0111965 0.644387 0.00701149 0.761391 0.00405664 1 0 0.0402884 0.131509 0.243189 0.257032 0.428813 0.272467 0.597628 0.27109 0.888277 0.216736 1.01888 0.105496 249.552  
0 0 0.193689 0.00623033 0.311255 0.00617677 0.455109 0.00728817 0.64085 0.000214245 0.755645 0.000277371 1 0 0.045202 0.150293 0.255459 0.264889 0.431338 0.269916 0.593846 0.279345 0.900626 0.221748 1.02354 0.0926784 176.002  
0 0 0.0664566 0.00447541 0.260551 0.011879 0.416201 0.00304402 0.603041 0.00241586 0.724069 2.34292e-005 1 0 0.0192833 0.149261 0.187106 0.28619 0.38603 0.299502 0.560126 0.286884 0.87168 0.237721 1.02926 0.0937401 106.023  
0 0 0.175061 0.00546144 0.291576 0.00536995 0.454756 0.00103815 0.644429 0.00188913 0.778781 0.00442079 1 0 0.0427265 0.148079 0.218691 0.271477 0.422302 0.285656 0.60786 0.286113 0.921401 0.224417 1.03931 0.121579 233.983  
0 0 0.185734 0.00470556 0.280464 0.00538523 0.45483 0.0055229 0.601771 0.00153055 0.732813 0.00104338 1 0 0.0405572 0.153145 0.23405 0.276892 0.418525 0.284156 0.579206 0.289193 0.869457 0.253306 1.02434 0.14257 195.349  
0 0 0.17722 0.00813721 0.302595 0.00288603 0.463927 0.00830284 0.631668 0.00308121 0.728558 0.0104651 1 0 0.0533833 0.145173 0.237339 0.26103 0.433626 0.273723 0.58451 0.287219 0.900602 0.231682 1.04487 0.120437 208.885  
0 0 0.169269 0.00585521 0.283766 0.00221198 0.454417 0.00304262 0.623922 0.00121042 0.73266 0.00182781 1 0 0.0410204 0.162408 0.244296 0.286345 0.423519 0.312975 0.583107 0.291774 0.880648 0.248131 1.02625 0.102398 109.719  
0 0 0.177284 0.00628296 0.313728 0.00359664 0.44873 0.00414833 0.610727 0.00508964 0.71971 0.00200699 1 0 0.0355836 0.138442 0.228335 0.265564 0.422627 0.303748 0.577886 0.282155 0.890774 0.220928 1.02723 0.073565 168.706  
0 0 0.177294 0.00678574 0.301067 0.00323285 0.460593 0.00414974 0.636138 0.00457834 0.736082 0.00321875 1 0 0.0370882 0.142304 0.236404 0.26345 0.426647 0.282684 0.579404 0.276075 0.889845 0.228145 1.0313 0.0944082 190.274  
0 0 0.183412 0.0112723 0.30472 0.00871941 0.459843 0.00864009 0.636915 0.00467075 0.752053 0.00721235 1 0 0.0541295 0.165549 0.265327 0.273303 0.418139 0.316673 0.58874 0.271916 0.869663 0.220667 1.01468 0.104325 72.5825  
0 0 0.154694 0.00174811 0.298765 0.00247318 0.446551 0.00163237 0.619713 0.000870452 0.733584 0.00307883 1 0 0.0336198 0.132496 0.20882 0.248664 0.409189 0.279577 0.569561 0.281521 0.871462 0.236538 1.02796 0.120854 251.981  
0 0 0.169727 0.000523836 0.286163 0.00300664 0.462159 0.00203217 0.627409 0.00374948 0.738023 0.00549126 1 0 0.0387365 0.1442 0.219883 0.252799 0.4073 0.278995 0.569415 0.262427 0.876177 0.224584 1.02642 0.0736665 167.967  
0 0 0.144852 0.00133779 0.27349 0.00244393 0.444624 0.00348283 0.639002 0.00568181 0.763597 0.00225218 1 0 0.0348191 0.1194 0.22218 0.252216 0.399498 0.252803 0.589364 0.272216 0.888955 0.225912 1.03325 0.0878838 255.138  
0 0 0.152693 0.00512255 0.266862 0.00396734 0.446465 0.00909967 0.63368 3.46525e-005 0.746938 0.00146859 1 0 0.0374724 0.128644 0.213498 0.256064 0.401388 0.267808 0.574177 0.282149 0.880678 0.230261 1.02987 0.0932834 228.525  
0 0 0.162493 0.00398914 0.299471 0.00151802 0.457349 0.00515711 0.619084 0.00276857 0.727594 0.00224349 1 0 0.0494418 0.140152 0.231003 0.253002 0.42631 0.270141 0.586779 0.286637 0.887627 0.220492 1.01964 0.0881194 204.702  
0 0 0.142344 0.0120143 0.273829 0.00121146 0.442018 0.00494345 0.615368 0.00477665 0.744731 0.00389916 1 0 0.0282565 0.13153 0.210666 0.247093 0.404505 0.275129 0.562331 0.276403 0.867407 0.225952 1.01809 0.100683 209.179  
0 0 0.172346 0.000280933 0.309647 0.00030951 0.464221 0.00190269 0.633244 0.00312114 0.719145 0.00133806 1 0 0.0580776 0.14524 0.256603 0.258524 0.432078 0.265973 0.585929 0.279656 0.878056 0.23573 1.02061 0.106818 191.616  
0 0 0.183713 0.00129599 0.281647 0.00107305 0.455417 0.00404657 0.629956 0.00908874 0.747027 3.05769e-005 1 0 0.0404113 0.140194 0.242015 0.26807 0.428123 0.284606 0.591473 0.283792 0.895687 0.217859 1.03394 0.118481 231.291  
0 0 0.159349 0.00198177 0.276891 0.00484751 0.444524 0.00230209 0.622335 0.00331504 0.748945 0.00148389 1 0 0.0358911 0.135245 0.227809 0.258887 0.410726 0.274028 0.587339 0.293471 0.884414 0.229841 1.03301 0.103407 215.129  
0 0 0.164811 0.0108478 0.276975 0.00917497 0.445962 0.0100826 0.63106 0.00566102 0.743175 0.00679076 1 0 0.0393839 0.129265 0.226632 0.254361 0.415196 0.265978 0.579789 0.265785 0.89144 0.222629 1.03196 0.120695 253.296  
0 0 0.179024 0.00358458 0.300571 0.00256232 0.468032 0.00350758 0.650829 0.00792191 0.744766 0.00561967 1 0 0.0576244 0.169355 0.250507 0.283657 0.421171 0.335607 0.585597 0.276203 0.871563 0.210918 1.00167 0.0956695 61.8453  
0 0 0.214826 7.88803e-005 0.305945 0.00201618 0.468543 0.00250839 0.637495 0.00339185 0.744273 0.00365373 1 0 0.0543564 0.174321 0.24634 0.286091 0.418042 0.328768 0.602365 0.290549 0.891576 0.21669 1.01724 0.0926449 87.7936  
0 0 0.177584 0.00307213 0.303743 0.00314492 0.456513 0.00156837 0.631712 0.00383958 0.737507 0.00263198 1 0 0.0582798 0.156028 0.237554 0.268245 0.42027 0.280049 0.576585 0.287398 0.889386 0.228966 1.02662 0.129825 222.55  
0 0 0.198612 0.0115043 0.29775 0.0109781 0.457954 0.00703168 0.614705 0.00175961 0.746305 0.00191926 1 0 0.0376331 0.142443 0.233752 0.264557 0.417062 0.290704 0.593257 0.287477 0.879433 0.232272 1.02556 0.112574 256.806  
0 0 0.183896 0.00235631 0.27369 0.00182245 0.451045 0.0013328 0.613077 0.00311915 0.753177 0.00122199 1 0 0.0301293 0.128991 0.219574 0.26509 0.418422 0.285456 0.57467 0.280599 0.881965 0.222623 1.035 0.092691 213.257  
0 0 0.177674 0.00090674 0.262784 0.0122324 0.443118 0.00394523 0.618997 0.00627552 0.756668 0.000832549 1 0 0.0330907 0.143092 0.230537 0.26698 0.396597 0.286174 0.588914 0.296321 0.896255 0.229742 1.03132 0.0862828 276.52  
0 0 0.15899 0.00137829 0.282673 0.0031362 0.442686 0.00391062 0.624163 0.00333652 0.753201 4.08816e-006 1 0 0.0331179 0.14158 0.225501 0.260082 0.407576 0.285633 0.583219 0.275334 0.87127 0.23465 1.02937 0.0993134 231.058  
0 0 0.175489 0.00331468 0.290229 0.00692605 0.456445 0.00663576 0.634849 0.00507254 0.771189 0.00660286 1 0 0.0394746 0.132496 0.240367 0.261073 0.424322 0.281535 0.580272 0.275648 0.881164 0.231758 1.02889 0.128696 228.961  
0 0 0.173117 0.00578779 0.28581 0.00517817 0.437923 0.000461852 0.597031 0.00199811 0.713275 0.00342719 1 0 0.0361712 0.138551 0.223166 0.262272 0.416771 0.283027 0.576888 0.303423 0.881628 0.237732 1.03629 0.0899314 205.351  
0 0 0.149525 0.00205135 0.269363 0.00181525 0.438576 0.00135795 0.612111 0.00569217 0.745104 0.00288069 1 0 0.0355858 0.136465 0.229999 0.255957 0.40272 0.275026 0.57017 0.285711 0.880618 0.232851 1.03188 0.104518 277.733  
0 0 0.177649 0.00150845 0.302359 0.000859102 0.458651 0.00313963 0.627608 0.00763373 0.734541 0.00335942 1 0 0.0303492 0.172796 0.242374 0.300755 0.395727 0.370903 0.563711 0.310617 0.867085 0.230608 1.00686 0.0856787 53.1361  
0 0 0.163114 0.00397723 0.286804 0.000819135 0.481308 0.00304254 0.627535 0.00285618 0.730699 0.00574342 1 0 0.0610727 0.143167 0.260677 0.267334 0.430768 0.27582 0.577788 0.267621 0.887684 0.230611 1.02508 0.091805 125.964  
0 0 0.175087 0.0116936 0.291797 0.00237666 0.461168 0.00135044 0.65028 0.00539735 0.763052 0.00242479 1 0 0.035324 0.130758 0.233217 0.250783 0.42409 0.262395 0.593245 0.283454 0.890082 0.228171 1.02764 0.0824946 249.305  
0 0 0.160428 0.00275519 0.272641 0.00223184 0.442561 0.00210142 0.617001 0.00053201 0.734626 0.00235401 1 0 0.0439115 0.140628 0.225126 0.27054 0.41244 0.269881 0.581103 0.280756 0.868445 0.244392 1.02933 0.124526 242.454  
0 0 0.16613 0.00302342 0.295083 0.00263176 0.44529 0.00273173 0.638336 0.00808306 0.774545 0.00112033 1 0 0.042852 0.131134 0.226142 0.25167 0.417584 0.259433 0.593514 0.266552 0.877535 0.219988 1.03023 0.105138 252.355  
0 0 0.168326 0.00491519 0.293383 0.00788719 0.443647 0.00517703 0.607225 0.00343055 0.752732 0.00261791 1 0 0.0221072 0.133618 0.222771 0.260345 0.421304 0.283884 0.575606 0.294107 0.895389 0.237519 1.03234 0.119352 236.32  
0 0 0.18522 0.00517952 0.299388 0.00508744 0.460786 0.00377144 0.612098 0.00196455 0.735911 0.00314013 1 0 0.040578 0.136859 0.246676 0.259733 0.42708 0.285188 0.593763 0.292964 0.888819 0.223977 1.02807 0.110131 221.226  
0 0 0.152815 0.000605034 0.303426 0.000588458 0.459747 0.00493756 0.650385 0.000751458 0.763196 0.00212808 1 0 0.0371019 0.126853 0.232142 0.257859 0.421361 0.279651 0.591733 0.287013 0.895229 0.227032 1.04556 0.0995127 214.803  
0 0 0.144405 0.00860041 0.256731 0.00105067 0.437015 0.00870479 0.618982 0.00610257 0.756111 0.00916845 1 0 0.0414465 0.137753 0.202276 0.261421 0.399196 0.268465 0.591846 0.277657 0.890428 0.218915 1.0239 0.101876 308.982  
0 0 0.173103 0.0014927 0.268574 0.00195067 0.441662 0.000550493 0.607989 0.00274247 0.744952 0.00279919 1 0 0.0228905 0.149215 0.226846 0.286632 0.419212 0.277474 0.585789 0.300616 0.904311 0.225882 1.02821 0.0766498 271.615  
0 0 0.175092 0.00507535 0.288574 0.0055948 0.460176 0.00326765 0.633832 0.00255681 0.732143 0.00325015 1 0 0.038397 0.148012 0.238737 0.266746 0.4246 0.28064 0.591776 0.287229 0.892785 0.244974 1.02945 0.108801 186.788  
0 0 0.194908 0.00843961 0.310503 0.00475474 0.481423 0.000887124 0.654821 0.00298867 0.759692 0.00333507 1 0 0.0437841 0.179194 0.247315 0.30759 0.435607 0.378192 0.592482 0.31296 0.895532 0.226685 1.02723 0.0961977 68.3439  
0 0 0.163111 0.00254463 0.28559 0.00373157 0.461907 0.00235911 0.63932 0.00285079 0.748109 0.00223707 1 0 0.0411729 0.133233 0.236758 0.24528 0.424023 0.263202 0.596632 0.258002 0.886406 0.217458 1.02976 0.0825796 262.88  
0 0 0.17634 0.00119212 0.310563 0.00530179 0.476769 0.00538022 0.621126 0.0106036 0.740573 0.00302736 1 0 0.0608844 0.182081 0.280046 0.321151 0.435029 0.389494 0.597848 0.298461 0.880772 0.22157 1.00425 0.091605 39.5432  
0 0 0.162716 0.00415833 0.276937 0.0004821 0.446259 0.00747424 0.609427 0.00652425 0.744882 0.00681255 1 0 0.0181044 0.130821 0.212085 0.258092 0.416445 0.279546 0.576898 0.297009 0.886856 0.224344 1.02965 0.0868206 257.457  
0 0 0.171651 0.00285377 0.258482 0.000536805 0.450665 0.00112812 0.631451 0.0074156 0.758127 0.00716036 1 0 0.0361242 0.124309 0.23364 0.26144 0.429371 0.267772 0.592387 0.28885 0.893641 0.229643 1.02681 0.0858203 276.386  
0 0 0.162608 0.00227507 0.284691 0.00450388 0.448307 0.000406306 0.638353 0.00771715 0.757862 0.0039026 1 0 0.0251261 0.12241 0.224034 0.255288 0.410139 0.278973 0.590761 0.28286 0.904977 0.217243 1.0334 0.0871613 293.115  
0 0 0.16419 0.00433215 0.283357 0.00459005 0.453973 0.00139808 0.638194 0.00278778 0.777026 0.00447405 1 0 0.0456786 0.12971 0.254883 0.253408 0.436423 0.267387 0.59589 0.268689 0.897033 0.223777 1.01663 0.108264 265.207  
0 0 0.154761 0.00684468 0.276258 0.0043187 0.428782 0.00368507 0.625416 0.00570125 0.747285 0.00579236 1 0 0.0371946 0.121867 0.237194 0.256259 0.409528 0.265235 0.559436 0.269161 0.866168 0.231591 1.02412 0.100937 189.531  
0 0 0.161001 0.00589683 0.276136 0.00458766 0.423897 0.00280121 0.620382 0.00157348 0.765882 0.00407704 1 0 0.0490106 0.124176 0.223006 0.248708 0.399548 0.264853 0.579536 0.273186 0.876408 0.222237 1.01954 0.0884977 228.059  
