0 0 0.131106 0.00348437 0.193913 0.00245087 0.394083 0.0033453 0.626658 0.0034415 0.739146 0.00282045 1 0 0.0203316 0.129075 0.159065 0.273615 0.371617 0.354032 0.5894 0.313291 0.896848 0.240873 1.04041 0.144246 108.979  
0 0 0.138162 0.00236878 0.213332 0.00496302 0.434505 0.000592324 0.634949 0.00488565 0.752332 0.00160225 1 0 0.020788 0.137083 0.160365 0.265566 0.403024 0.345711 0.575526 0.313888 0.900872 0.254472 1.04904 0.143511 104.792  
0 0 0.154878 0.00194296 0.208798 0.00127829 0.432195 0.000705019 0.624883 0.00616477 0.724271 0.00648048 1 0 0.0146309 0.170659 0.175609 0.286665 0.407141 0.406837 0.580924 0.32703 0.869862 0.229972 0.998868 0.10827 42.7836  
0 0 0.173693 0.0019566 0.232952 0.00196657 0.407271 0.00595772 0.623705 0.00592191 0.734835 0.00674453 1 0 0.00910926 0.129677 0.158367 0.274727 0.378484 0.352297 0.576178 0.313191 0.870767 0.25498 1.02901 0.130969 102.493  
0 0 0.1605 0.00776067 0.212561 0.00844654 0.427747 0.00814472 0.635497 0.000844064 0.745174 0.00918987 1 0 0.0203069 0.132039 0.163644 0.262832 0.387628 0.345067 0.579602 0.312772 0.887005 0.255371 1.04553 0.133046 112.749  
0 0 0.195142 0.00701989 0.21843 0.0105527 0.432966 0.00907965 0.634828 0.00949551 0.733456 0.00635238 1 0 0.0253203 0.143227 0.179528 0.277808 0.412995 0.353445 0.5862 0.309518 0.885036 0.266857 1.04162 0.144252 105.809  
0 0 0.163101 8.04223e-005 0.213905 0.000146547 0.428455 0.00238631 0.641082 0.00445584 0.751966 0.00452912 1 0 0.00305136 0.132 0.156103 0.276426 0.384681 0.347663 0.590934 0.304825 0.897081 0.245642 1.03541 0.135685 135.888  
0 0 0.177095 0.00341172 0.248748 0.00457827 0.44724 0.00793251 0.593325 0.00219446 0.698598 0.00405755 1 0 0.0148743 0.142963 0.186493 0.288446 0.412252 0.403033 0.565181 0.339012 0.87992 0.259638 1.02266 0.118504 68.7115  
0 0 0.162858 0.00473215 0.20209 0.00440636 0.431501 0.00173505 0.628295 0.00343606 0.716071 0.00220009 1 0 0.0108722 0.141586 0.154868 0.27062 0.390908 0.350636 0.574153 0.31546 0.890535 0.265963 1.02961 0.11705 114.689  
0 0 0.162469 0.00627155 0.209299 0.00593249 0.434375 0.00635506 0.629488 0.00524213 0.73692 0.00559415 1 0 0.0223561 0.139841 0.176308 0.283674 0.420302 0.360102 0.596161 0.311886 0.912001 0.241746 1.04148 0.105923 151.72  
0 0 0.118667 0.00191267 0.185482 0.00163174 0.402078 0.000508027 0.653736 0.00763302 0.754252 0.00711153 1 0 0.0120055 0.122884 0.142707 0.265564 0.411815 0.36966 0.560335 0.31617 0.876182 0.273015 1.03957 0.133262 144.984  
0 0 0.162743 0.000194961 0.210884 5.69548e-005 0.440625 0.00345042 0.639983 0.000837345 0.750906 0.00183624 1 0 0.0120353 0.123495 0.168496 0.267381 0.39404 0.34011 0.580851 0.312385 0.906838 0.247508 1.03923 0.116177 154.435  
0 0 0.180062 0.00011887 0.219216 0.00195217 0.450119 0.00270817 0.614602 0.00526445 0.735729 0.00446739 1 0 0.00810326 0.132387 0.170221 0.289114 0.401748 0.366023 0.582455 0.329025 0.896269 0.26631 1.03371 0.155408 130.068  
0 0 0.158113 9.08348e-005 0.233524 0.00129591 0.448627 0.00125352 0.611197 0.00118085 0.697841 0.00226481 1 0 0.0191813 0.205738 0.207258 0.305238 0.428571 0.401505 0.590187 0.322242 0.861868 0.22993 0.994719 0.116299 29.3512  
0 0 0.169648 0.000325025 0.208273 0.000908941 0.433305 0.00431089 0.641086 0.000733108 0.743459 0.00676002 1 0 0.0246685 0.12959 0.16827 0.278021 0.398264 0.359206 0.569604 0.323635 0.873964 0.274344 1.02798 0.155357 124.414  
0 0 0.150884 0.00542107 0.232018 0.00353928 0.441601 0.00135447 0.59062 0.00325057 0.701238 0.00336113 1 0 0.00995214 0.144581 0.194561 0.283242 0.41982 0.381897 0.596384 0.330445 0.881959 0.247486 1.0268 0.108327 78.0019  
0 0 0.167998 0.0121561 0.219937 0.00760473 0.445295 0.00583426 0.64722 0.0100138 0.750479 0.000921077 1 0 0.014647 0.131929 0.149162 0.270253 0.399841 0.36246 0.595736 0.319132 0.882648 0.251173 1.03951 0.111875 112.8  
0 0 0.197137 0.007233 0.240479 0.0057164 0.435877 0.00733444 0.636265 0.000461573 0.743239 0.000502151 1 0 0.0242782 0.151718 0.182194 0.284623 0.412207 0.36287 0.58479 0.318675 0.882598 0.263822 1.02281 0.166405 121.619  
0 0 0.185395 0.000924745 0.215253 0.00229118 0.430507 0.00458237 0.637414 0.00529682 0.741651 0.00463428 1 0 0.0241353 0.155724 0.179173 0.294505 0.41299 0.38392 0.583349 0.321548 0.894712 0.274351 1.04648 0.158993 107.967  
0 0 0.17096 0.000237103 0.241151 0.0038827 0.432713 0.00265373 0.628749 0.0126925 0.753042 0.00495717 1 0 0.0148385 0.147865 0.190745 0.281235 0.394671 0.336222 0.580362 0.30618 0.874628 0.264891 1.04643 0.152402 108.789  
0 0 0.168833 0.0128008 0.198115 0.014945 0.420745 0.00829874 0.620247 0.00829408 0.736902 0.00065681 1 0 0.0220894 0.138383 0.166986 0.270597 0.387656 0.333981 0.563224 0.303686 0.874385 0.255962 1.03679 0.125018 119.874  
0 0 0.195033 0.0024567 0.223198 0.00743301 0.408141 0.0154567 0.645904 0.00298267 0.752696 0.00289934 1 0 0.0305646 0.158932 0.183488 0.280065 0.411311 0.364253 0.601078 0.324705 0.904609 0.247411 1.05796 0.129033 113.612  
0 0 0.17997 0.00441308 0.252888 0.00582701 0.454177 0.00603666 0.605622 0.00527984 0.693309 0.00698013 1 0 0.016287 0.174033 0.170144 0.311033 0.37659 0.413707 0.578891 0.378633 0.900642 0.274713 1.04769 0.132533 74.2444  
0 0 0.188824 0.000128077 0.241803 0.00139771 0.445055 0.00546275 0.638752 0.00401492 0.744727 0.00436574 1 0 0.00145618 0.133926 0.151743 0.272157 0.409881 0.368017 0.571748 0.321776 0.892608 0.26589 1.03662 0.138248 107.423  
0 0 0.161616 0.00397503 0.183789 0.00351793 0.417112 0.00470986 0.641753 0.00882086 0.764082 0.00048603 1 0 0.0175737 0.139234 0.17452 0.291115 0.375906 0.359354 0.573662 0.325857 0.895555 0.250329 1.03002 0.146075 129.827  
0 0 0.152183 0.0162461 0.211466 0.0158534 0.442148 0.00835553 0.636076 0.00240148 0.744531 0.00771904 1 0 0.0251907 0.171636 0.172406 0.281443 0.406579 0.357421 0.581772 0.329739 0.911511 0.258042 1.0112 0.18611 107.874  
0 0 0.168722 0.000253179 0.202912 0.00392272 0.414676 0.00450164 0.614125 0.00572122 0.743403 0.000311842 1 0 0.0206171 0.157733 0.190243 0.286454 0.408569 0.356228 0.591261 0.317731 0.902429 0.246039 1.04355 0.136195 117.848  
0 0 0.159802 0.000962762 0.215326 0.00175503 0.421632 0.00212472 0.624948 0.00328273 0.748007 0.00546428 1 0 0.0187708 0.14107 0.1744 0.274672 0.373191 0.317839 0.576963 0.311344 0.881523 0.250147 1.02864 0.100585 109.535  
0 0 0.166866 0.00245196 0.24572 0.00124985 0.445907 0.000136684 0.645267 0.000775339 0.729361 0.00665395 1 0 0.0245951 0.153479 0.193116 0.290976 0.42704 0.371604 0.580776 0.315995 0.886279 0.277386 1.04303 0.162967 106.071  
0 0 0.155343 0.00439139 0.220077 0.00735642 0.42168 0.00257711 0.629445 0.00252422 0.728872 0.00155908 1 0 0.0344802 0.13931 0.16215 0.273829 0.388671 0.354849 0.59673 0.320848 0.901221 0.253417 1.03951 0.129762 121.004  
0 0 0.184856 0.00476056 0.235912 9.25695e-005 0.443301 0.0037643 0.640954 0.0121949 0.731042 0.00181865 1 0 0.0116677 0.15067 0.190097 0.291131 0.418113 0.368232 0.580075 0.320822 0.905584 0.259091 1.03117 0.156969 110.507  
0 0 0.147906 0.00606721 0.214796 0.00570242 0.42747 0.00258268 0.658295 0.00478917 0.748325 0.00273594 1 0 0.0172592 0.155353 0.207877 0.267342 0.412995 0.353288 0.58128 0.297547 0.883539 0.262293 1.04198 0.160861 103.893  
0 0 0.15955 0.00264936 0.193704 0.00137147 0.420793 0.00777281 0.617234 0.00451088 0.715884 0.00102775 1 0 -0.0059334 0.157805 0.156083 0.293723 0.391228 0.399905 0.57484 0.341296 0.877855 0.280941 1.02668 0.161856 93.9915  
0 0 0.166056 0.00170256 0.22211 0.0011233 0.45433 0.00325454 0.632089 0.00103708 0.758326 0.00233161 1 0 0.00714329 0.136701 0.177325 0.280156 0.410819 0.341796 0.607514 0.300871 0.876879 0.255661 1.04013 0.148466 130.916  
0 0 0.165143 0.00252233 0.212929 0.00395845 0.422462 0.000448259 0.635391 0.00351019 0.746863 0.00127311 1 0 0.0188595 0.134957 0.164281 0.271154 0.397741 0.343229 0.590917 0.305541 0.898559 0.246033 1.04106 0.145013 118.087  
0 0 0.145344 0.00792528 0.205301 0.0104887 0.407382 0.00851963 0.62864 0.0181211 0.73199 0.0132171 1 0 0.0176608 0.144107 0.164591 0.26948 0.411069 0.355753 0.583031 0.303378 0.89721 0.236118 1.03138 0.118048 118.674  
0 0 0.160822 0.00290572 0.230538 0.00199065 0.443195 0.00465123 0.65498 0.0055136 0.77212 0.000170079 1 0 0.0196406 0.154176 0.191223 0.27881 0.431568 0.338676 0.579919 0.29897 0.900356 0.248894 1.02731 0.146989 100.917  
0 0 0.166744 0.013295 0.217387 0.0254818 0.423808 0.0219878 0.67398 0.0224274 0.769207 0.0292926 1 0 0.0103281 0.146234 0.169953 0.291547 0.416576 0.361872 0.604189 0.327919 0.929693 0.258865 1.05666 0.143218 120.212  
0 0 0.180173 0.0133785 0.196714 0.0130878 0.428396 0.0152195 0.649703 0.0154654 0.75399 0.00639314 1 0 0.00160523 0.151072 0.17232 0.294218 0.397726 0.377104 0.592145 0.314286 0.891414 0.262605 1.03851 0.147834 98.4616  
0 0 0.15119 0.00342849 0.227115 0.0116042 0.428483 0.0116146 0.625303 0.0100707 0.724865 0.00778773 1 0 0.0405645 0.145253 0.192195 0.273857 0.416001 0.334745 0.592291 0.297121 0.880265 0.245078 1.04109 0.123087 129.06  
0 0 0.145606 0.000225518 0.18699 0.00856839 0.429978 0.0092527 0.594026 0.00748086 0.693753 0.00668735 1 0 0.0174628 0.131839 0.155069 0.253543 0.345865 0.32951 0.568259 0.313573 0.864884 0.247503 1.01765 0.11764 112.743  
0 0 0.166956 0.00464551 0.225597 0.00725352 0.422029 0.00492907 0.638145 0.00379712 0.733729 0.00500887 1 0 0.0172223 0.132816 0.162854 0.267562 0.401784 0.336798 0.588508 0.302851 0.883802 0.241542 1.03244 0.136953 131.919  
0 0 0.142128 0.000738847 0.200345 0.000340104 0.410963 0.000609842 0.642973 0.000979265 0.759441 0.00335999 1 0 0.00509863 0.12887 0.150716 0.28126 0.387003 0.353573 0.547966 0.303924 0.881855 0.260238 1.0317 0.139132 114.235  
0 0 0.150996 0.00144602 0.238087 0.00138262 0.429691 0.00714107 0.621363 0.0012855 0.725923 0.0039145 1 0 0.0220902 0.178262 0.211375 0.30083 0.414056 0.408243 0.576673 0.339754 0.891426 0.257274 1.01163 0.126593 58.2017  
0 0 0.143291 0.00305935 0.204181 0.00230086 0.406978 0.00461896 0.604231 0.00631408 0.723841 0.00278833 1 0 0.0220643 0.137072 0.152948 0.265443 0.376887 0.343965 0.553313 0.306583 0.881645 0.250549 1.0257 0.118718 118.181  
0 0 0.169601 0.00213052 0.23332 0.00284594 0.405845 0.000729097 0.643837 0.00476649 0.756124 0.00353742 1 0 0.0228407 0.12719 0.190949 0.255278 0.392425 0.310476 0.583617 0.280977 0.874257 0.247049 1.02193 0.120469 128.535  
0 0 0.147192 0.000513913 0.260303 0.00590374 0.442743 0.0091627 0.632452 0.00928804 0.726623 0.00576586 1 0 0.0223928 0.18259 0.19963 0.285297 0.438224 0.409113 0.594453 0.312108 0.867962 0.234476 1.00003 0.126617 33.8815  
0 0 0.168945 0.000133032 0.217111 0.00144425 0.445532 0.0024618 0.638985 0.00536905 0.757261 0.00174392 1 0 0.0255522 0.140668 0.187728 0.281664 0.410463 0.345875 0.590118 0.310567 0.901577 0.240888 1.02947 0.140331 117.939  
0 0 0.161584 0.00178245 0.24002 0.00490732 0.410538 0.00201115 0.657522 0.00515933 0.773663 0.000754552 1 0 0.00984837 0.127642 0.192448 0.28986 0.419982 0.355897 0.609722 0.300464 0.88808 0.257501 1.04553 0.137807 125.001  
0 0 0.143211 1.64114e-005 0.205317 0.000415755 0.42262 0.00938184 0.619447 0.00522429 0.727062 0.00520241 1 0 0.0164141 0.14811 0.16221 0.288939 0.407484 0.385585 0.574103 0.329923 0.882281 0.274705 1.04689 0.166264 104.421  
0 0 0.163613 0.00430836 0.246476 0.00154766 0.445999 0.00541682 0.617288 0.0103108 0.713975 0.0108755 1 0 0.0546074 0.207042 0.207648 0.305277 0.452734 0.436797 0.59058 0.323232 0.867445 0.245263 1.00372 0.117873 31.7443  
0 0 0.162667 0.00213137 0.223431 0.00091222 0.436607 0.0016817 0.617606 0.0016597 0.764871 0.00254026 1 0 0.00370308 0.141375 0.166304 0.28751 0.378564 0.353585 0.583526 0.315013 0.870726 0.275094 1.04835 0.156685 115.87  
0 0 0.189947 0.0103431 0.212881 0.0117031 0.446088 0.0153607 0.62486 0.0146228 0.709006 0.00908201 1 0 0.0142258 0.159324 0.187886 0.298164 0.409964 0.357352 0.578224 0.31847 0.878553 0.25718 1.02878 0.128918 83.2165  
0 0 0.19295 0.00169893 0.22714 0.000483492 0.445122 0.00260921 0.640376 0.00499031 0.752477 0.000241097 1 0 0.0143349 0.145787 0.18735 0.291635 0.413094 0.367059 0.593505 0.318661 0.880477 0.264159 1.03635 0.144149 109.724  
0 0 0.154223 0.00233718 0.196845 5.16557e-006 0.417539 0.00375161 0.633697 0.00113549 0.727071 0.00113079 1 0 0.0222246 0.130202 0.174564 0.270746 0.400635 0.347004 0.583973 0.307005 0.871337 0.260476 1.03597 0.135024 109.458  
0 0 0.182512 0.000161397 0.226258 0.00134176 0.437986 0.00545777 0.649008 0.00514943 0.736478 0.00624307 1 0 0.0180716 0.13159 0.179022 0.274708 0.413184 0.342227 0.569757 0.299484 0.889442 0.249325 1.02187 0.101034 110.844  
0 0 0.164753 0.00876236 0.24898 0.0105477 0.45947 0.0118241 0.616328 0.0105737 0.724713 0.00922251 1 0 0.0174101 0.151198 0.196699 0.285156 0.423885 0.39603 0.590272 0.328514 0.888006 0.237198 1.02116 0.0917983 51.8895  
0 0 0.151088 0.00311692 0.222067 0.00504668 0.4222 0.00459763 0.615006 0.00269496 0.749291 3.06466e-005 1 0 0.0180602 0.129153 0.216236 0.245272 0.399601 0.331556 0.571129 0.28842 0.866924 0.238646 1.03496 0.122148 126.036  
0 0 0.178326 0.00377365 0.219283 0.00123985 0.437254 0.000826276 0.625495 0.000331557 0.746359 0.00329289 1 0 0.00924086 0.160186 0.196816 0.292621 0.395634 0.366592 0.589991 0.311519 0.894639 0.272454 1.05549 0.140698 111.016  
0 0 0.152123 0.0054773 0.206271 0.0078792 0.424571 0.00648168 0.621415 0.00245386 0.716741 0.00344279 1 0 0.0157271 0.159047 0.155927 0.279081 0.383425 0.350036 0.561777 0.31902 0.880647 0.259809 1.02103 0.151235 106.041  
0 0 0.172206 0.000386587 0.237483 0.00716432 0.431275 0.00202646 0.647215 0.00302411 0.750346 0.00377234 1 0 0.0117161 0.142825 0.188692 0.289666 0.399017 0.347644 0.590524 0.311152 0.88533 0.276662 1.05137 0.150083 121.139  
0 0 0.166032 0.00422132 0.216506 0.00427304 0.43154 0.000251425 0.633483 0.0018471 0.738139 0.00129293 1 0 0.0222054 0.150192 0.200442 0.266625 0.404817 0.356961 0.601302 0.322422 0.895222 0.246667 1.04224 0.111292 115.524  
0 0 0.16764 0.00590817 0.236185 0.000798796 0.448787 0.00328448 0.623144 0.00492591 0.721059 0.00267239 1 0 0.00474001 0.157081 0.1806 0.298358 0.414163 0.35954 0.588903 0.3257 0.886615 0.268211 1.0349 0.132491 96.6709  
0 0 0.181038 0.00745481 0.259166 0.0103714 0.443817 0.000642093 0.630655 0.0156497 0.716228 0.00324311 1 0 0.0496806 0.214279 0.225837 0.306659 0.450504 0.424717 0.595302 0.326635 0.872387 0.239016 1.00297 0.104781 32.3301  
0 0 0.184147 0.000563738 0.230107 0.00361854 0.464605 0.00366976 0.646283 0.00478217 0.742756 0.00118999 1 0 0.0185086 0.13533 0.193712 0.272557 0.411792 0.339269 0.592921 0.299249 0.886738 0.244951 1.02824 0.134135 119.722  
0 0 0.183207 0.000542871 0.249878 0.00376761 0.439475 0.00558646 0.620529 0.00497399 0.741093 0.00887153 1 0 0.035558 0.21432 0.219911 0.332766 0.438642 0.474685 0.596951 0.352212 0.879228 0.243419 1.00649 0.121849 29.2744  
0 0 0.161404 0.00590591 0.207917 0.00892591 0.415446 0.00468887 0.663828 0.00301135 0.761684 0.00263542 1 0 0.0139284 0.130229 0.16769 0.273012 0.392963 0.342689 0.592003 0.302611 0.906237 0.248391 1.04531 0.132911 134.586  
0 0 0.181817 5.09751e-005 0.22275 0.00119949 0.434798 0.00378222 0.640166 0.00449399 0.716487 0.00439078 1 0 0.0073209 0.145385 0.159644 0.279252 0.40322 0.352209 0.585823 0.312031 0.890789 0.250608 1.02761 0.133555 119.592  
0 0 0.154525 0.00544313 0.185323 0.00746196 0.415944 0.0150575 0.632526 0.0123386 0.757875 0.00355176 1 0 0.00912353 0.150668 0.170554 0.29757 0.36275 0.357583 0.576665 0.325468 0.911167 0.236045 1.03252 0.101041 118.167  
0 0 0.149209 0.00204356 0.236776 0.000455988 0.426591 0.00438482 0.61338 0.00277 0.742204 0.000566054 1 0 0.0268545 0.15429 0.18571 0.281268 0.438476 0.364292 0.583711 0.31036 0.88419 0.235313 1.02572 0.109709 93.8935  
0 0 0.175608 0.0032799 0.24914 0.00571512 0.443281 0.00460653 0.643111 0.00010342 0.722362 0.0037267 1 0 0.0125335 0.156654 0.208809 0.30048 0.417937 0.351509 0.597815 0.322269 0.904019 0.255874 1.02746 0.12061 93.3944  
0 0 0.180627 0.00888255 0.256409 0.00409693 0.468072 0.00645451 0.622499 0.00608613 0.735891 0.0024761 1 0 0.0602639 0.19685 0.232534 0.288408 0.436919 0.390671 0.596981 0.295826 0.863626 0.210912 0.991502 0.111325 33.6061  
0 0 0.167584 0.00259579 0.216174 9.83418e-005 0.461653 0.00458424 0.632337 0.0006376 0.735289 0.000194522 1 0 0.0183805 0.146694 0.172029 0.286129 0.375693 0.36544 0.59261 0.341557 0.892728 0.263277 1.04409 0.116538 116.395  
0 0 0.162646 0.00079656 0.220523 0.00906569 0.440979 0.0144082 0.657545 0.0105097 0.761062 0.00243898 1 0 0.014616 0.158487 0.188887 0.271882 0.394328 0.347587 0.603131 0.317586 0.90441 0.25484 1.04119 0.104266 106.602  
0 0 0.162111 0.00245915 0.230426 0.000249136 0.440969 0.0029477 0.647043 0.00943616 0.748452 0.0110015 1 0 0.0140327 0.13474 0.183219 0.271766 0.398777 0.344783 0.592514 0.310969 0.894296 0.240953 1.02968 0.127423 119.126  
0 0 0.1716 0.00235599 0.225932 0.000106779 0.43419 0.000603364 0.646395 0.00324196 0.772091 0.00118486 1 0 0.00719105 0.14146 0.182077 0.271169 0.397541 0.332984 0.591369 0.302904 0.889001 0.254741 1.04449 0.146347 99.1112  
0 0 0.156201 0.00304283 0.222701 0.000958157 0.446587 0.0058717 0.645856 0.00415102 0.72905 0.00374568 1 0 0.0234619 0.135545 0.178071 0.284457 0.389764 0.347192 0.59204 0.322551 0.897765 0.236148 1.02168 0.10875 99.6731  
0 0 0.158471 0.0125722 0.210396 0.0117737 0.427535 0.0141295 0.603576 0.0127174 0.728312 0.0109224 1 0 0.00715374 0.139343 0.16533 0.272154 0.393279 0.333186 0.564617 0.300451 0.858862 0.255283 1.02199 0.126502 111.474  
0 0 0.171866 0.000115179 0.21726 0.0042423 0.441277 0.00402095 0.612013 0.00299722 0.713523 0.00850519 1 0 0.0107859 0.15259 0.163942 0.281066 0.404996 0.357882 0.583082 0.324728 0.892213 0.265468 1.04707 0.147771 120.376  
0 0 0.186609 0.00929944 0.227526 0.00681959 0.430254 0.00681959 0.623063 0.00433974 0.721017 0.0049597 1 0 0.0204588 0.155921 0.185989 0.296962 0.415065 0.357719 0.593304 0.32517 0.898016 0.260074 1.04898 0.128952 110.239  
0 0 0.152042 0.00278836 0.210621 0.000225841 0.420068 0.00444378 0.627008 0.00242239 0.722267 0.0045444 1 0 0.00920732 0.126667 0.169431 0.272524 0.405713 0.349517 0.584618 0.313154 0.880656 0.257298 1.02905 0.118734 125.944  
0 0 0.188968 0.000585792 0.233978 0.0025533 0.440283 0.00302611 0.641236 0.00375511 0.72821 0.0045899 1 0 0.0186003 0.139188 0.206983 0.279669 0.39382 0.347913 0.612464 0.321789 0.899169 0.257059 1.04798 0.12808 128.386  
0 0 0.174296 0.00312453 0.237378 0.000345448 0.451644 0.00237606 0.668425 0.000127328 0.761765 0.0124273 1 0 0.0137747 0.141985 0.217119 0.266012 0.416598 0.349601 0.60195 0.301501 0.894297 0.261326 1.04984 0.1388 130.928  
0 0 0.194854 0.00232271 0.251514 0.000240729 0.459464 0.0056105 0.66095 0.00759488 0.760262 0.00672522 1 0 0.0159813 0.148092 0.183957 0.274089 0.41495 0.357639 0.610259 0.321979 0.89664 0.275555 1.0694 0.124856 114.077  
0 0 0.16456 0.00804894 0.224485 0.00541128 0.429013 0.00410288 0.635382 0.00454992 0.727754 0.00413309 1 0 0.0233459 0.149114 0.170733 0.276194 0.415137 0.343965 0.574457 0.31495 0.886594 0.254618 1.01931 0.128907 112.432  
0 0 0.169605 0.00106383 0.231219 0.00036299 0.423115 0.00173815 0.616769 0.00370738 0.717114 0.00529331 1 0 0.0205492 0.144354 0.191606 0.285482 0.406384 0.338317 0.57217 0.307819 0.884672 0.259108 1.0273 0.133227 113.948  
0 0 0.158096 0.00476921 0.238465 0.00398356 0.429134 0.00538325 0.636381 0.00701555 0.763386 0.000506688 1 0 0.0223305 0.145627 0.187126 0.256341 0.397216 0.331684 0.587912 0.301015 0.878164 0.249686 1.04432 0.129479 105.296  
0 0 0.149109 4.93909e-005 0.229773 0.00151546 0.421041 0.00691352 0.637557 0.00974487 0.741343 0.00441065 1 0 0.0187828 0.151941 0.184995 0.282851 0.422079 0.353016 0.583756 0.307905 0.890232 0.254089 1.03747 0.136355 106.701  
0 0 0.158441 0.00120638 0.209195 0.00130585 0.400093 0.0044694 0.636368 0.00603192 0.734595 0.000192508 1 0 0.00729446 0.141404 0.169272 0.302613 0.405583 0.377433 0.591384 0.33547 0.905219 0.263061 1.0471 0.119179 105.236  
0 0 0.158259 0.0101579 0.235884 0.0127568 0.465715 0.00862829 0.628895 0.00781644 0.705505 0.00644028 1 0 0.0243726 0.170172 0.182137 0.303948 0.424415 0.38756 0.578155 0.34527 0.891062 0.255718 1.01994 0.12637 69.4625  
0 0 0.169277 0.00112192 0.215163 0.00196315 0.454153 0.000772833 0.632346 0.0034863 0.7261 8.67508e-005 1 0 0.0090542 0.147956 0.17382 0.287842 0.390936 0.367008 0.589419 0.33824 0.921195 0.258051 1.03683 0.129863 108.483  
0 0 0.153154 5.57809e-005 0.221876 0.00163286 0.422855 0.000299189 0.643595 0.000791075 0.739868 0.000182556 1 0 0.0219726 0.133433 0.175413 0.269506 0.410477 0.349921 0.584729 0.306093 0.877513 0.249975 1.02748 0.133704 120.057  
0 0 0.175841 0.00427968 0.211541 0.00693276 0.433681 0.00391567 0.632288 0.00153806 0.745797 0.000869055 1 0 0.0130965 0.150155 0.180147 0.274818 0.411094 0.34457 0.604715 0.30206 0.887739 0.253315 1.04072 0.136128 113.056  
0 0 0.173374 0.00666213 0.223555 0.00365952 0.431164 0.00504534 0.622752 0.00257779 0.741551 0.00266253 1 0 0.0263692 0.157992 0.180591 0.283068 0.414329 0.337651 0.60479 0.29875 0.872 0.275267 1.04129 0.153431 110.891  
0 0 0.186041 0.00383247 0.222416 0.0024966 0.434846 0.00186917 0.629377 0.000412014 0.73327 0.00101361 1 0 0.00798807 0.148306 0.17148 0.297542 0.402171 0.361385 0.582729 0.320655 0.87096 0.274987 1.0318 0.148575 102.549  
0 0 0.169661 0.00412434 0.232497 0.00560021 0.441132 0.0047216 0.617592 0.000329538 0.733383 0.00209454 1 0 0.0169087 0.147572 0.177697 0.277698 0.40066 0.343302 0.587657 0.308367 0.906131 0.229888 1.03982 0.127372 97.0309  
0 0 0.175439 0.00626566 0.213659 0.00250627 0.435464 0.000626566 0.655388 0.0018797 0.776316 0.00438596 1 0 0.0075188 0.119987 0.168233 0.284461 0.397243 0.366228 0.610276 0.322055 0.915414 0.236842 1.05702 0.119674 125.869  
0 0 0.188893 0.00457639 0.241336 0.00886586 0.416945 0.00589528 0.656362 0.0052903 0.767544 0.00564108 1 0 0.00790912 0.130769 0.177845 0.272905 0.432111 0.369865 0.592877 0.305116 0.89168 0.262475 1.05151 0.130137 117.803  
0 0 0.172508 0.00513559 0.209859 0.0057427 0.422638 0.00127394 0.640522 0.00173509 0.758388 0.000363273 1 0 0.0139545 0.161526 0.16737 0.285228 0.40555 0.373413 0.605659 0.329293 0.909358 0.261509 1.03702 0.132423 116.337  
0 0 0.151545 0.00453154 0.205242 0.00183521 0.423452 0.00331773 0.623186 0.00715687 0.760022 0.00645302 1 0 0.0167001 0.13875 0.184193 0.278768 0.418562 0.34435 0.591012 0.306969 0.886588 0.248498 1.02782 0.128919 120.318  
0 0 0.172301 0.00176483 0.235916 0.00429539 0.425744 0.00144912 0.61351 0.00353554 0.713019 0.00732599 1 0 0.00278107 0.144534 0.145273 0.283717 0.377046 0.390525 0.56513 0.354377 0.885568 0.272363 1.02735 0.130546 107.777  
0 0 0.149119 0.00165139 0.215252 0.000913796 0.422411 0.00454303 0.637666 0.00680634 0.719298 0.000106541 1 0 0.0138217 0.136976 0.158901 0.277325 0.387641 0.350213 0.575584 0.316793 0.885298 0.259452 1.0351 0.123481 111.294  
0 0 0.160414 0.00300744 0.21751 0.00092568 0.436402 0.00105108 0.604348 0.00141197 0.717247 0.00334998 1 0 0.0178535 0.14432 0.182214 0.291606 0.412711 0.368222 0.587443 0.335042 0.897346 0.261089 1.03514 0.115969 104.916  
0 0 0.141681 0.0051956 0.200028 0.00327378 0.404296 0.00295263 0.636313 0.00168273 0.779412 0.00615449 1 0 0.0135647 0.130945 0.160511 0.276146 0.400936 0.359565 0.57293 0.312457 0.893931 0.248061 1.02239 0.113506 119.251  
0 0 0.163838 0.00173291 0.216069 0.00103459 0.428598 0.000931608 0.643361 0.00501008 0.768817 0.00508785 1 0 0.025733 0.143095 0.175452 0.281925 0.415484 0.363461 0.589992 0.318772 0.895277 0.257299 1.03081 0.128603 116.709  
0 0 0.151788 0.000810463 0.187658 0.00281189 0.411157 0.00390686 0.604151 0.00592749 0.694939 0.00925662 1 0 0.0141293 0.139968 0.149873 0.276902 0.35918 0.377531 0.566761 0.332163 0.892835 0.267311 1.03776 0.13462 110.331  
0 0 0.178015 0.00919439 0.224673 0.00750722 0.421183 0.00547409 0.616928 0.00343102 0.707911 0.00308447 1 0 -0.0039412 0.1514 0.164663 0.295514 0.40319 0.373765 0.582495 0.331436 0.893332 0.270319 1.04621 0.143771 110.623  
0 0 0.176679 0.00682417 0.234824 0.00963103 0.464626 0.00490064 0.630271 0.000602887 0.726647 0.00453331 1 0 0.0141431 0.149051 0.161994 0.282975 0.421819 0.379012 0.582985 0.317495 0.88946 0.27783 1.05301 0.136411 109.637  
0 0 0.181597 0.00369967 0.230998 0.0053043 0.419831 0.00674125 0.649986 0.00188833 0.751634 1.89835e-005 1 0 0.0163503 0.135425 0.177929 0.269736 0.40414 0.348186 0.584677 0.296223 0.893961 0.251279 1.05078 0.121287 115.061  
0 0 0.140632 0.00825651 0.225911 0.00539863 0.44246 0.00494403 0.65022 0.00180326 0.765126 0.00138173 1 0 0.0154562 0.143535 0.187397 0.291884 0.429184 0.354783 0.605032 0.315988 0.891714 0.250996 1.03542 0.132612 119.462  
0 0 0.175188 2.2041e-005 0.226274 0.00240925 0.414344 0.00336097 0.626376 0.00345366 0.757176 0.00194356 1 0 0.0112878 0.137657 0.18203 0.28804 0.3828 0.355611 0.592927 0.326303 0.891749 0.263883 1.04257 0.1387 113.281  
0 0 0.151732 0.00247877 0.221967 0.00173661 0.436457 0.0015695 0.632457 0.00144226 0.718197 4.64188e-005 1 0 0.00866203 0.149964 0.173684 0.298462 0.38402 0.363513 0.592894 0.326212 0.878773 0.259991 1.04142 0.137116 114.102  
0 0 0.178874 0.00652712 0.209478 0.00749144 0.435111 0.00253766 0.627404 0.00470474 0.746438 0.000555863 1 0 0.0177467 0.136976 0.183248 0.292283 0.41001 0.353023 0.599977 0.314399 0.904825 0.247445 1.03541 0.112865 123.308  
0 0 0.146222 0.00246547 0.272037 0.00808031 0.463617 0.0122345 0.621711 0.00583437 0.710046 0.00316627 1 0 0.0441124 0.191525 0.235693 0.310856 0.456272 0.412746 0.595148 0.324724 0.877537 0.218895 1.00064 0.0955706 29.9887  
0 0 0.173182 0.00328048 0.224595 0.000255008 0.431569 0.00495929 0.634271 0.00178899 0.732154 0.0033159 1 0 0.0204058 0.135485 0.183834 0.286063 0.402438 0.341888 0.579964 0.306384 0.871067 0.261545 1.03387 0.137991 113.628  
0 0 0.163506 0.0054592 0.210684 0.00357073 0.438874 0.00749574 0.649524 0.0104207 0.750338 0.00629657 1 0 0.00931896 0.159596 0.17904 0.291548 0.413393 0.360673 0.604807 0.315155 0.877909 0.276014 1.04024 0.155426 108.021  
0 0 0.174862 0.00420259 0.208635 0.00166134 0.425376 0.00268577 0.63403 0.000295886 0.73396 0.00076821 1 0 0.0188866 0.165428 0.204254 0.308232 0.419316 0.368311 0.607343 0.321392 0.896335 0.268402 1.04927 0.152603 102.056  
0 0 0.161143 0.0085768 0.21137 0.00949182 0.421703 0.0122346 0.633433 0.0136997 0.729115 0.0173262 1 0 0.00735782 0.16312 0.190161 0.298991 0.395522 0.354069 0.587509 0.311565 0.876177 0.26921 1.02935 0.150591 107.693  
0 0 0.192911 0.00120331 0.241592 0.0013283 0.461166 0.00675968 0.644247 0.00785505 0.744417 0.0024248 1 0 0.0358874 0.163637 0.224394 0.310925 0.433533 0.3826 0.616945 0.338089 0.932351 0.25936 1.06538 0.125536 112.213  
0 0 0.167237 0.00312861 0.241977 0.000753958 0.425824 0.00572528 0.613872 0.00415876 0.720079 0.00258424 1 0 0.0162363 0.155945 0.190236 0.309923 0.404613 0.369714 0.586534 0.341754 0.904593 0.272071 1.04476 0.142958 103.102  
0 0 0.13721 0.00367319 0.213926 0.002289 0.436808 0.00882803 0.631447 0.00140253 0.729839 0.00415943 1 0 0.0269159 0.139661 0.173088 0.27887 0.427329 0.358086 0.586599 0.323072 0.893635 0.264275 1.04128 0.124936 111.774  
0 0 0.163579 0.00269841 0.239405 0.00112956 0.426345 0.00475484 0.634217 0.00169573 0.732757 0.00230899 1 0 0.0104016 0.157567 0.193893 0.295974 0.418214 0.359403 0.599555 0.330664 0.903739 0.2594 1.04381 0.119686 109.272  
0 0 0.175235 0.00454018 0.243052 0.00399182 0.47873 0.0102875 0.62531 0.0118416 0.736461 0.0133355 1 0 0.0141491 0.161143 0.170873 0.284998 0.411869 0.383342 0.586609 0.338683 0.88409 0.278966 1.0503 0.141476 113.096  
0 0 0.158672 0.00449802 0.208686 0.00564729 0.44891 0.00518494 0.642569 0.00353369 0.746037 0.00521797 1 0 0.0194914 0.132801 0.170142 0.263471 0.398022 0.339072 0.592292 0.308897 0.904865 0.242513 1.03905 0.112375 120.635  
0 0 0.201472 0.00304963 0.236083 0.00171997 0.433041 0.00357648 0.615842 0.00314875 0.718406 0.00017356 1 0 0.00863048 0.145644 0.190206 0.303798 0.423982 0.376899 0.592715 0.331286 0.884863 0.265853 1.04035 0.128621 105.548  
0 0 0.139537 0.0037776 0.238741 0.000521526 0.425638 0.00269786 0.608705 0.0006762 0.693753 0.00587064 1 0 0.0308905 0.142457 0.169351 0.281565 0.368781 0.351116 0.565584 0.330683 0.875661 0.263825 1.02332 0.12928 99.4052  
0 0 0.135557 0.00768479 0.206925 0.001413 0.405997 0.0101588 0.643487 0.00106411 0.743475 0.000375569 1 0 0.0216814 0.154959 0.182741 0.277851 0.423493 0.347583 0.603934 0.304335 0.88089 0.252839 1.02912 0.126261 112.845  
0 0 0.172952 0.00530978 0.248998 0.00286775 0.447509 0.00617334 0.626131 0.0106428 0.72701 0.00550191 1 0 0.0124564 0.144476 0.183849 0.294098 0.413347 0.358812 0.603941 0.316773 0.883498 0.269419 1.0328 0.13862 116.196  
0 0 0.175581 0.00175517 0.197636 0.000301931 0.427594 0.0063046 0.605563 0.00926068 0.711863 0.00946217 1 0 0.0106122 0.146463 0.172858 0.286205 0.403142 0.358287 0.576795 0.312993 0.864578 0.253916 1.02444 0.131098 105.656  
0 0 0.18835 0.00616098 0.243686 0.00436651 0.433696 0.00794385 0.647346 0.000806571 0.728257 0.00133316 1 0 0.0200983 0.153401 0.195119 0.291343 0.437419 0.368386 0.600158 0.310041 0.907593 0.241889 1.04005 0.13287 97.721  
0 0 0.170289 0.0023941 0.240103 0.0003279 0.435294 0.000196523 0.625036 0.00378605 0.736766 0.00312699 1 0 0.0156333 0.146576 0.193476 0.29291 0.417394 0.372302 0.579269 0.331513 0.888728 0.255674 1.03488 0.125741 77.1679  
0 0 0.168224 0.00718076 0.234696 0.00371319 0.450824 0.00136861 0.633325 0.00318566 0.726785 0.0012979 1 0 0.0232602 0.149138 0.186965 0.30245 0.417624 0.375814 0.585003 0.335277 0.889954 0.254347 1.02635 0.137162 83.1345  
0 0 0.160279 0.00395621 0.220244 0.00973914 0.437746 0.00261068 0.622968 0.00171634 0.736424 0.0029622 1 0 0.0135416 0.131792 0.163918 0.273457 0.402675 0.358652 0.572108 0.319528 0.87737 0.270151 1.02968 0.146423 111.872  
0 0 0.153881 0.00512444 0.22319 0.00359334 0.407967 5.47161e-005 0.614641 0.00834231 0.723204 0.00153299 1 0 0.0130205 0.11815 0.143575 0.256917 0.369531 0.357145 0.571454 0.311817 0.883951 0.260629 1.01818 0.1332 123.634  
0 0 0.17204 0.000292875 0.227217 0.00228032 0.438709 0.000101736 0.618676 0.0038269 0.707528 6.78237e-005 1 0 0.0215284 0.138689 0.18391 0.271038 0.405425 0.343001 0.586751 0.307571 0.888198 0.248771 1.04699 0.130112 115.165  
0 0 0.156517 0.0011974 0.206938 0.00236084 0.436368 0.00746976 0.617709 0.00719291 0.702737 0.00701627 1 0 0.00866037 0.157653 0.173065 0.29798 0.382647 0.374688 0.595917 0.338219 0.888643 0.253568 1.03389 0.119267 112.095  
0 0 0.180243 0.00327715 0.227982 0.00262998 0.420357 0.00537013 0.629392 0.0084132 0.747618 0.00601729 1 0 0.0226922 0.151534 0.192368 0.277711 0.425699 0.360514 0.599905 0.30945 0.881017 0.259859 1.04397 0.145489 109.133  
0 0 0.141259 0.000600518 0.186018 0.00546432 0.384619 0.00532544 0.617485 0.0030647 0.688112 0.000218103 1 0 0.00874199 0.151399 0.152448 0.273426 0.379369 0.35874 0.584963 0.329021 0.877622 0.254896 1.01363 0.130769 120.404  
0 0 0.142561 0.00103756 0.230034 0.00516687 0.437678 0.00714776 0.623647 0.00667557 0.720657 0.00287397 1 0 0.0124261 0.133517 0.170766 0.273517 0.404869 0.363603 0.592289 0.323385 0.893989 0.240633 1.0326 0.095897 116.568  
0 0 0.156597 2.84318e-005 0.219282 0.0110101 0.418096 0.00273072 0.642991 0.00902932 0.723244 0.0122434 1 0 0.0175108 0.131081 0.174063 0.271475 0.389101 0.339396 0.586624 0.309221 0.894247 0.252788 1.04283 0.127578 105.712  
0 0 0.173384 0.000668753 0.238858 0.00656135 0.438189 0.00657817 0.604081 0.00911018 0.733942 0.0108725 1 0 0.0162267 0.172076 0.179587 0.308884 0.404583 0.376293 0.585049 0.336421 0.921291 0.280058 1.06652 0.169125 102.538  
0 0 0.171894 0.00838085 0.207497 0.00870451 0.436272 0.0100267 0.631773 0.00498581 0.73098 0.008918 1 0 0.0249256 0.145098 0.171563 0.273473 0.383319 0.356376 0.601861 0.332917 0.885619 0.257141 1.03599 0.118554 110.863  
0 0 0.170572 0.00535418 0.208473 0.0016987 0.445826 0.00207399 0.60607 0.00139385 0.715117 0.00170365 1 0 0.0133233 0.139503 0.159078 0.282996 0.392033 0.358229 0.562983 0.325637 0.875746 0.268831 1.02489 0.134685 112.391  
0 0 0.175856 0.00594108 0.216694 0.000487869 0.424653 0.0149601 0.627062 0.0154592 0.727715 0.0129621 1 0 0.00328166 0.146567 0.195996 0.285679 0.390806 0.358709 0.600486 0.315637 0.886884 0.253059 1.03879 0.121028 106.462  
0 0 0.156614 0.00725971 0.206851 0.0164931 0.414511 0.016814 0.61792 0.0188479 0.706426 0.0169198 1 0 -0.0233998 0.1498 0.157881 0.313636 0.38469 0.397034 0.5881 0.358723 0.918302 0.284672 1.04298 0.135319 101.742  
0 0 0.182113 0.00591057 0.203548 0.00458917 0.442818 0.00792837 0.634191 0.0188852 0.724228 0.0114783 1 0 0.0160835 0.145352 0.190349 0.285673 0.406426 0.359262 0.593183 0.316087 0.895695 0.250722 1.03962 0.121784 117.419  
0 0 0.151664 0.00490916 0.194085 0.00754694 0.406269 0.000373639 0.607838 0.00651637 0.735554 0.00580199 1 0 0.0104585 0.120631 0.152331 0.272588 0.390192 0.345344 0.567511 0.316352 0.871884 0.271891 1.02615 0.128827 112.079  
0 0 0.143995 0.0126285 0.220108 0.009542 0.425501 0.0125012 0.617788 0.0211566 0.697976 0.0246268 1 0 0.010204 0.145264 0.174265 0.276628 0.404644 0.35845 0.583449 0.327758 0.887035 0.26188 1.03477 0.13054 103.254  
0 0 0.153388 0.0127165 0.194233 0.0159572 0.395766 0.0100444 0.601246 0.00622815 0.704771 0.00466274 1 0 0.0220129 0.143505 0.171358 0.286204 0.396092 0.358189 0.574764 0.340283 0.905579 0.263243 1.02028 0.109708 108.376  
0 0 0.156175 0.0031946 0.195995 0.00983966 0.424448 0.0029871 0.631685 0.00276298 0.745976 0.00501376 1 0 0.00573346 0.134766 0.167477 0.279998 0.393188 0.340341 0.579479 0.3065 0.883967 0.249077 1.03548 0.130548 118.327  
0 0 0.151358 0.0117009 0.219471 0.00852382 0.442744 0.0079494 0.62865 0.00322643 0.718913 0.00268617 1 0 0.0183646 0.129632 0.15247 0.267666 0.392619 0.349213 0.569065 0.317502 0.894163 0.261359 1.04234 0.110554 122.504  
0 0 0.167151 0.00220846 0.221127 0.00245529 0.448927 0.00181224 0.64972 0.00170355 0.768215 0.00184428 1 0 0.00722601 0.15442 0.187881 0.287996 0.426158 0.358221 0.608533 0.316009 0.901472 0.269926 1.05009 0.157361 123.844  
0 0 0.183215 0.0044763 0.216522 0.0025564 0.408944 0.00733738 0.630318 0.00710783 0.724696 0.00668002 1 0 0.0175578 0.145922 0.183856 0.295864 0.425253 0.36732 0.58132 0.316416 0.870426 0.277425 1.03469 0.139422 96.0189  
0 0 0.17471 0.00174864 0.210838 0.000749415 0.416456 0.00200216 0.616112 0.00197837 0.710971 0.00508011 1 0 0.0258652 0.146946 0.174161 0.280338 0.402101 0.355515 0.570803 0.306395 0.863568 0.257497 1.02622 0.127281 94.1601  
0 0 0.184503 0.0100646 0.236471 0.00960614 0.439002 0.00974951 0.621514 0.0178075 0.717508 0.00353434 1 0 0.00662883 0.158881 0.184831 0.297132 0.40203 0.358439 0.591575 0.318487 0.898725 0.257168 1.03495 0.142576 122.263  
0 0 0.162405 0.00037518 0.216084 0.00180344 0.432291 0.00490478 0.627432 0.00405795 0.740722 0.00373551 1 0 0.00978813 0.131314 0.169275 0.285913 0.392599 0.356616 0.600621 0.333639 0.902467 0.266845 1.06031 0.143436 126.825  
0 0 0.198879 0.00354907 0.232576 0.0041504 0.438712 0.0084899 0.618571 0.00376829 0.734269 0.00186733 1 0 0.00131556 0.149006 0.172444 0.282508 0.413303 0.361896 0.579877 0.31955 0.873081 0.271642 1.04465 0.154675 123.378  
0 0 0.146373 0.00465632 0.217578 0.00465877 0.424952 0.00629943 0.62371 0.007252 0.733252 0.00683449 1 0 0.0254316 0.13812 0.172906 0.264487 0.405719 0.363453 0.589647 0.307165 0.87564 0.245301 1.02271 0.136908 102.826  
0 0 0.152621 0.00259992 0.250627 0.00622238 0.443405 0.00785781 0.643408 0.00866101 0.734954 0.00347408 1 0 0.0205026 0.152221 0.186767 0.298002 0.406048 0.394771 0.590834 0.327723 0.898802 0.259003 1.04017 0.116464 102.447  
0 0 0.148293 0.00177391 0.213407 0.00407428 0.422248 0.000944179 0.614849 0.00334182 0.701634 0.000984235 1 0 0.00588824 0.129304 0.163226 0.273511 0.382484 0.350817 0.564193 0.313313 0.861206 0.243241 1.01943 0.112578 89.1544  
0 0 0.15268 0.00887423 0.213484 0.00915605 0.456231 0.00130987 0.674077 0.00257549 0.725987 0.00261834 1 0 0.0157287 0.140089 0.185741 0.261982 0.394146 0.346217 0.599975 0.312623 0.866989 0.253524 1.02591 0.10854 120.389  
0 0 0.143949 0.00311451 0.203494 0.00102218 0.421326 0.00440674 0.648546 0.00625187 0.740589 0.0103456 1 0 0.0166233 0.136287 0.166912 0.276984 0.385104 0.339017 0.588965 0.311345 0.887433 0.262268 1.04764 0.116586 124.475  
0 0 0.170086 0.00272951 0.239352 0.0013294 0.440575 0.00250944 0.63977 0.00148774 0.73236 0.000369445 1 0 0.0167764 0.146144 0.189388 0.271238 0.435273 0.339533 0.586424 0.298029 0.87887 0.2589 1.0392 0.122568 113.513  
0 0 0.162968 0.00370914 0.230374 0.00296731 0.443806 0.0104548 0.63271 0.0101934 0.731377 0.00927862 1 0 0.00691861 0.147874 0.165015 0.293827 0.412566 0.369742 0.608072 0.332812 0.906268 0.277596 1.04987 0.117474 119.002  
0 0 0.190083 0.00224237 0.255872 0.00167439 0.434794 0.00250208 0.595134 0.00298771 0.69795 0.00477401 1 0 0.0232984 0.17457 0.183383 0.33101 0.437154 0.408986 0.590886 0.373068 0.904877 0.285206 1.04185 0.131975 80.0478  
0 0 0.137191 0.000423552 0.206185 0.00281971 0.411557 0.000454815 0.60656 0.000282864 0.72049 0.00437844 1 0 0.0163592 0.139771 0.161767 0.292097 0.400317 0.356367 0.565116 0.322687 0.867985 0.264013 1.02239 0.135889 94.3081  
0 0 0.187579 0.00533348 0.256703 0.00334512 0.43539 0.00320523 0.634567 0.0010955 0.714746 0.000559578 1 0 0.0144426 0.158816 0.193794 0.332088 0.437394 0.410612 0.597268 0.354582 0.905681 0.276316 1.03233 0.147096 80.14  
0 0 0.175652 0.00416878 0.227312 0.00409253 0.424338 0.0109584 0.636907 0.00422597 0.739486 0.00186054 1 0 0.0276899 0.161248 0.173072 0.280433 0.398516 0.358295 0.58597 0.318445 0.897411 0.258667 1.05017 0.137623 111.703  
0 0 0.199813 0.00250237 0.266251 0.00509359 0.43189 0.00731476 0.625716 0.00736996 0.739377 0.00721987 1 0 0.0168283 0.141788 0.196331 0.290639 0.420054 0.339553 0.592536 0.309497 0.896921 0.269256 1.04636 0.152401 113.749  
0 0 0.1574 0.00226831 0.247316 0.00292359 0.435736 0.00512133 0.597623 0.00304457 0.730445 0.00252034 1 0 0.0294955 0.201141 0.21133 0.307592 0.441344 0.435689 0.57963 0.32246 0.856058 0.231518 0.998735 0.106691 31.283  
0 0 0.173459 0.00152716 0.215415 0.00191689 0.406392 0.000840623 0.627424 0.00040502 0.748902 0.00046344 1 0 0.0115733 0.146536 0.155306 0.28896 0.395434 0.378227 0.589248 0.335946 0.89981 0.262028 1.031 0.140587 122.184  
0 0 0.192821 0.0081472 0.247763 0.00458241 0.440327 0.00259853 0.636582 0.00341755 0.729227 0.00179366 1 0 0.0197861 0.147409 0.189797 0.31742 0.409979 0.374745 0.594184 0.336162 0.889208 0.286656 1.05177 0.164694 105.505  
0 0 0.152646 0.00245533 0.224297 0.00251113 0.458722 0.00113608 0.637071 0.000496161 0.732866 0.000570768 1 0 0.015963 0.136681 0.179514 0.275312 0.433421 0.382392 0.587228 0.316586 0.879284 0.261681 1.02765 0.122664 97.083  
0 0 0.165522 0.00111825 0.239365 0.00199585 0.442334 0.00492982 0.63247 0.00351904 0.720722 0.000772401 1 0 0.010145 0.150244 0.18377 0.28094 0.40962 0.362918 0.585767 0.314158 0.886693 0.254264 1.03394 0.128196 88.6998  
0 0 0.164462 0.00295736 0.218367 0.00344422 0.425567 0.00579718 0.618902 0.00416323 0.73487 0.00788271 1 0 0.00411082 0.140381 0.165511 0.278001 0.39905 0.367963 0.587489 0.329568 0.896615 0.256994 1.04775 0.120785 110.079  
0 0 0.194852 0.00251004 0.235414 0.00117009 0.437095 0.00207806 0.640817 0.00223041 0.744581 0.00257391 1 0 0.0193517 0.156538 0.185594 0.273123 0.41386 0.339189 0.587963 0.300324 0.902426 0.248442 1.04204 0.135857 115.404  
0 0 0.153794 0.00842663 0.214189 0.0035655 0.412642 0.0061278 0.624581 0.00878853 0.74523 0.00267304 1 0 0.016531 0.152745 0.179925 0.285428 0.381331 0.345693 0.58401 0.322993 0.894326 0.262296 1.04873 0.149521 126.94  
0 0 0.197091 0.00189159 0.236954 0.00174831 0.418395 0.0113084 0.61023 0.0123385 0.735101 0.00553059 1 0 0.0145289 0.138117 0.199677 0.291663 0.407982 0.351183 0.576777 0.316431 0.863302 0.271442 1.0318 0.158279 110.395  
0 0 0.181053 0.00289454 0.222805 0.00134922 0.431744 0.00158613 0.643496 0.00256944 0.76959 0.00312395 1 0 0.0140188 0.133419 0.185363 0.268385 0.392603 0.336198 0.585951 0.293964 0.878863 0.244569 1.04192 0.124281 123.546  
0 0 0.178534 0.00386544 0.215741 1.43201e-005 0.432943 0.00557891 0.646569 0.00488266 0.750537 0.00104882 1 0 0.0214315 0.127201 0.186284 0.255084 0.402728 0.311325 0.586501 0.27789 0.880566 0.244537 1.03655 0.124415 119.686  
0 0 0.159381 0.00153979 0.212498 0.0039938 0.402449 0.00496153 0.636086 0.00251281 0.7329 0.00063297 1 0 0.0142029 0.134634 0.153176 0.277284 0.376635 0.360232 0.599337 0.333334 0.907928 0.267106 1.03966 0.135009 120.166  
0 0 0.173943 0.000131507 0.23645 0.000244876 0.433825 0.004961 0.641792 0.0124977 0.741116 0.00844368 1 0 0.0377199 0.155043 0.175995 0.260196 0.416826 0.343808 0.607686 0.308634 0.901299 0.246613 1.0308 0.124596 109.896  
0 0 0.166343 0.0025725 0.219336 0.00433578 0.454063 0.0012217 0.646551 0.000988696 0.743799 0.000532133 1 0 0.0144117 0.145209 0.172693 0.280313 0.372233 0.348482 0.591217 0.331347 0.912801 0.244483 1.04124 0.126769 126.67  
0 0 0.157615 0.000758808 0.223523 0.00281843 0.394298 0.00468293 0.634667 0.00177778 0.740293 0.000476965 1 0 0.0111762 0.156509 0.170797 0.300531 0.398656 0.378211 0.584585 0.32774 0.899057 0.273539 1.04758 0.165528 112.556  
0 0 0.155826 0.000105574 0.208672 0.00053613 0.431575 0.00445015 0.639576 0.0137943 0.737808 0.00424268 1 0 0.00710739 0.132115 0.172088 0.282518 0.39973 0.36958 0.575203 0.307595 0.862804 0.253046 1.03963 0.114158 112.386  
0 0 0.179564 0.00113218 0.266203 0.00327667 0.451478 0.00200463 0.640036 0.00146851 0.722575 0.00516142 1 0 0.033749 0.164799 0.175923 0.276351 0.415301 0.372738 0.588668 0.330166 0.895623 0.260084 1.04041 0.114715 102.898  
0 0 0.169553 0.00309069 0.234202 0.00260294 0.448556 0.00811951 0.626424 0.00431248 0.718776 0.00746273 1 0 0.0120432 0.146257 0.18662 0.2999 0.390103 0.354426 0.584068 0.328653 0.887229 0.253199 1.03307 0.132435 91.1446  
0 0 0.171561 0.000817605 0.20492 0.000976584 0.428108 0.00204023 0.613977 0.000543178 0.736305 0.00125669 1 0 0.0079256 0.11875 0.16123 0.279985 0.401474 0.363888 0.572668 0.306578 0.884038 0.258915 1.03218 0.135401 107.639  
0 0 0.183321 0.00218888 0.241077 0.0034914 0.45696 0.00911654 0.647293 0.00389817 0.725976 0.00534841 1 0 0.0211351 0.13678 0.176492 0.277155 0.389224 0.348327 0.58492 0.299045 0.875704 0.262316 1.02933 0.144641 115.715  
0 0 0.173412 0.0046284 0.232653 0.00589112 0.420959 0.000724604 0.636216 0.00420489 0.732213 0.0030151 1 0 0.0195393 0.1372 0.186468 0.287727 0.414643 0.346567 0.571906 0.310997 0.878851 0.259871 1.02345 0.133483 113.651  
0 0 0.182121 0.00620179 0.254185 0.00274237 0.425432 0.000658761 0.646933 0.00453361 0.738357 0.00425326 1 0 0.0119831 0.132911 0.181507 0.278863 0.372393 0.334902 0.587463 0.32582 0.903619 0.256555 1.02471 0.111165 86.499  
0 0 0.131482 0.00608717 0.2071 0.00536542 0.417094 0.00629793 0.628542 0.00574813 0.744559 0.00684342 1 0 0.0293904 0.143554 0.180296 0.284147 0.410077 0.365686 0.574576 0.319351 0.879222 0.254393 1.02652 0.131426 114.182  
0 0 0.164475 0.00964787 0.246422 0.00558944 0.452269 0.00868065 0.638625 0.00146784 0.70602 0.00417993 1 0 0.0400034 0.201718 0.219429 0.306301 0.431517 0.420285 0.603614 0.314666 0.875129 0.231578 1.00292 0.100228 31.5696  
0 0 0.157954 0.00717071 0.271833 0.00663056 0.441378 0.00795865 0.651702 0.00112987 0.729733 0.00241336 1 0 0.0244211 0.174476 0.208397 0.288437 0.435127 0.405237 0.592379 0.292713 0.871609 0.206749 0.994252 0.0935711 31.1356  
0 0 0.19551 0.00433368 0.230519 0.00602934 0.447087 0.0036775 0.63355 0.00537027 0.761245 0.001713 1 0 0.00684855 0.150985 0.183492 0.297623 0.409195 0.369022 0.604578 0.327298 0.91669 0.256234 1.05013 0.138402 113.426  
0 0 0.183586 0.00741887 0.229302 0.00992288 0.445789 0.00970018 0.65428 0.0151545 0.735562 0.00812459 1 0 0.0254448 0.127197 0.185771 0.283485 0.392395 0.354227 0.589119 0.314299 0.893683 0.271189 1.05165 0.138041 114.928  
0 0 0.178653 0.00813084 0.254052 0.00712279 0.459779 0.0114942 0.64276 0.00203968 0.7218 0.00410615 1 0 0.0289269 0.142757 0.188509 0.286986 0.390925 0.363863 0.583103 0.326495 0.871519 0.256226 1.02051 0.13655 101.855  
0 0 0.169058 0.00993415 0.265853 0.00550288 0.447847 0.00431477 0.609974 0.008139 0.717764 0.00428128 1 0 0.0210234 0.161437 0.163313 0.292541 0.374171 0.392656 0.581127 0.358135 0.894621 0.291918 1.04153 0.15314 111.734  
0 0 0.167733 0.000502448 0.218324 0.00131517 0.436207 0.0056078 0.625903 0.00199898 0.736043 0.00141366 1 0 0.0202939 0.13139 0.165769 0.277468 0.375291 0.359294 0.581608 0.343557 0.88627 0.269811 1.03944 0.142033 120.382  
0 0 0.158898 0.00369153 0.223832 0.00473195 0.435817 0.002746 0.65269 0.00413545 0.768628 0.00115915 1 0 0.0108662 0.136635 0.2017 0.293725 0.407241 0.375612 0.605362 0.326559 0.902254 0.263417 1.04977 0.133654 111.693  
0 0 0.1601 0.0095428 0.212719 0.00828717 0.425371 0.0102593 0.618354 0.0103331 0.755152 0.00608612 1 0 0.0161681 0.153741 0.171582 0.299701 0.364359 0.386243 0.581871 0.354727 0.890269 0.282129 1.04217 0.151592 111.224  
0 0 0.171114 0.00166463 0.221204 0.00233075 0.44438 0.00543663 0.638624 0.0023801 0.721876 0.00400525 1 0 0.0148025 0.157404 0.193679 0.299174 0.41041 0.371442 0.578426 0.332192 0.90381 0.270854 1.06021 0.127832 114.822  
0 0 0.194975 0.000772815 0.233534 0.00225831 0.462047 0.00334675 0.637458 0.00440792 0.772708 0.00558489 1 0 0.0296324 0.145788 0.209361 0.296614 0.420047 0.363426 0.5932 0.315769 0.886364 0.264994 1.0398 0.154969 122.251  
0 0 0.185863 0.00253179 0.299996 0.00560903 0.457282 0.00514921 0.648095 0.00458142 0.786624 0.000422585 1 0 0.0162416 0.191948 0.227675 0.324294 0.468514 0.429561 0.635167 0.340279 0.913862 0.246874 1.04802 0.121904 44.7062  
0 0 0.181331 0.00237236 0.225002 0.00463917 0.438462 0.00386248 0.624619 0.000453436 0.736805 0.00146806 1 0 0.0339761 0.16523 0.171321 0.282276 0.411166 0.357153 0.588537 0.322619 0.890854 0.267765 1.03731 0.157679 112.524  
0 0 0.178811 0.0060941 0.243461 0.00772837 0.42168 0.00799939 0.605721 0.00767783 0.710559 0.0098243 1 0 0.0104844 0.138035 0.168609 0.287995 0.392837 0.373043 0.589702 0.334305 0.891099 0.271982 1.03903 0.138317 119.549  
0 0 0.160508 0.00241063 0.235413 0.00597243 0.4137 0.0104092 0.607214 0.00495606 0.733124 0.00890379 1 0 0.0247396 0.150856 0.176145 0.28845 0.40884 0.374191 0.583039 0.322569 0.88308 0.267003 1.03426 0.154705 112.618  
0 0 0.141189 0.00452297 0.238649 0.00993504 0.433786 0.00103824 0.610771 0.00853022 0.714253 0.0070423 1 0 0.0136059 0.1353 0.168042 0.286595 0.395619 0.376854 0.576778 0.337978 0.882654 0.267019 1.02335 0.149328 112.004  
0 0 0.162462 0.000861471 0.216404 0.0025456 0.426214 0.0050319 0.606179 0.00713868 0.705675 0.00444536 1 0 0.0356659 0.160345 0.128003 0.259018 0.386071 0.353742 0.573743 0.306373 0.869977 0.260454 1.03119 0.12044 114.007  
0 0 0.196818 0.000453293 0.239036 0.00420208 0.440785 0.00312311 0.643056 0.00411085 0.751149 0.0053843 1 0 0.0242721 0.151416 0.194009 0.288603 0.402256 0.352709 0.589731 0.327422 0.902602 0.268537 1.0551 0.129247 113.128  
0 0 0.167605 0.0039345 0.267664 0.00501826 0.424314 0.00737425 0.590623 0.0125339 0.723313 0.0110496 1 0 0.038167 0.202226 0.210955 0.310661 0.426187 0.391943 0.577064 0.311921 0.851054 0.226305 0.99795 0.108729 31.5401  
0 0 0.169917 0.00161771 0.229449 0.00134344 0.444735 0.0048515 0.61467 0.00259327 0.731353 0.00203816 1 0 0.0215296 0.133381 0.178894 0.271493 0.421063 0.363159 0.593177 0.316109 0.869831 0.273131 1.03547 0.155497 118.922  
0 0 0.161992 0.00417374 0.210909 0.00239083 0.440447 0.00738431 0.62579 0.00171642 0.705074 0.0051958 1 0 0.0317258 0.133353 0.166782 0.297016 0.385182 0.367687 0.581329 0.334916 0.900722 0.284273 1.05307 0.154027 112.124  
0 0 0.169927 0.00316374 0.235129 0.00753298 0.419449 0.00524393 0.606184 0.00637374 0.719372 0.00205916 1 0 0.0150155 0.162371 0.171577 0.301692 0.407804 0.391282 0.589685 0.340952 0.896351 0.269725 1.03422 0.141474 93.0848  
0 0 0.140117 0.0125518 0.2067 0.00802818 0.413475 0.00888167 0.626862 0.00132406 0.720099 0.00555876 1 0 0.0048578 0.135045 0.159447 0.270685 0.384152 0.359448 0.5769 0.320609 0.895597 0.254083 1.04792 0.119058 120.371  
0 0 0.167443 0.0133656 0.211625 0.015371 0.430867 0.0106014 0.626976 0.00444731 0.73022 0.0039812 1 0 0.0260207 0.150378 0.181569 0.288456 0.388397 0.359455 0.574476 0.335889 0.879741 0.291861 1.03951 0.162563 110.968  
0 0 0.150335 0.000996066 0.213129 0.000462608 0.443362 0.00605141 0.630735 0.00098773 0.725386 0.00102941 1 0 0.0271438 0.13386 0.155893 0.276367 0.396286 0.368034 0.579477 0.340425 0.899664 0.254987 1.03636 0.110824 108.928  
0 0 0.150531 0.00375356 0.204565 0.00234814 0.42794 0.0130148 0.65147 0.0101789 0.77238 0.00616507 1 0 0.0168473 0.141801 0.18634 0.287866 0.390924 0.351735 0.602236 0.326433 0.900061 0.260402 1.05402 0.135755 116.842  
0 0 0.165228 0.00210035 0.227071 0.00373396 0.438662 0.00303384 0.616103 7.77907e-005 0.713963 0.00956826 1 0 0.0336834 0.192104 0.212252 0.317503 0.435939 0.421431 0.589187 0.321548 0.863438 0.231544 0.998522 0.106768 31.1625  
0 0 0.143426 0.00497086 0.247515 0.00921323 0.453634 0.003771 0.61343 0.000214261 0.706034 0.000814193 1 0 0.0358673 0.182915 0.199049 0.29628 0.44095 0.421302 0.583262 0.305579 0.854174 0.233673 0.999979 0.10066 29.8841  
0 0 0.1724 0.00195341 0.216062 0.00120813 0.433309 0.00976183 0.620426 0.00347796 0.744922 0.00629171 1 0 0.0160313 0.147841 0.163987 0.292293 0.393181 0.365289 0.597729 0.330544 0.900078 0.261702 1.03596 0.137582 115.557  
0 0 0.179539 0.00442566 0.253328 0.00511895 0.435823 0.00145885 0.619277 0.00471827 0.715012 0.000213319 1 0 0.0248162 0.144334 0.161333 0.279098 0.40391 0.380735 0.580576 0.323063 0.865998 0.277989 1.03665 0.157532 111.336  
0 0 0.169432 0.00426716 0.211794 0.00513029 0.43669 0.00726752 0.638808 0.00731067 0.737464 0.00524581 1 0 0.0106403 0.150645 0.160928 0.272104 0.395649 0.351142 0.595681 0.308024 0.885458 0.257556 1.02603 0.14545 116.574  
0 0 0.168215 0.000157896 0.22567 0.00247989 0.433656 0.00115171 0.623001 0.000761615 0.738005 0.00456969 1 0 0.0092369 0.140755 0.171159 0.293751 0.388029 0.351239 0.575613 0.317844 0.883329 0.264982 1.0452 0.146629 109.517  
0 0 0.166981 0.00291759 0.215409 0.00398069 0.41568 0.00103105 0.630317 0.00796765 0.771394 0.00870541 1 0 -0.000438197 0.141897 0.163231 0.315951 0.39651 0.38359 0.597679 0.337677 0.93739 0.260101 1.0625 0.129414 114.278  
0 0 0.162568 0.00202993 0.221408 0.000663817 0.447674 0.00376026 0.626624 0.0104026 0.737849 0.00552219 1 0 0.0357705 0.167425 0.181629 0.298404 0.411209 0.361273 0.583973 0.310258 0.895994 0.269813 1.05687 0.156275 113.631  
0 0 0.169432 0.00182356 0.209326 0.00153332 0.391687 0.000258425 0.631075 0.00118611 0.736111 0.00165127 1 0 0.00441775 0.11679 0.175206 0.269902 0.402762 0.344435 0.583043 0.305434 0.874158 0.267472 1.03707 0.144941 117.597  
0 0 0.180553 0.0063676 0.2224 0.00687095 0.447696 0.00518487 0.628434 0.00491312 0.726125 0.00431712 1 0 0.00985712 0.150474 0.169313 0.278836 0.404106 0.361966 0.594509 0.32343 0.91556 0.249033 1.05151 0.11902 117.703  
0 0 0.15989 0.00889633 0.218766 0.00907669 0.429289 0.00451078 0.625171 0.0020271 0.747817 0.00918095 1 0 0.0606481 0.194673 0.128687 0.299603 0.355624 0.390673 0.549115 0.376447 0.897299 0.270615 1.02518 0.180699 109.375  
0 0 0.169971 0.00635209 0.23429 0.00620773 0.44041 0.0103307 0.618482 0.00179759 0.736518 0.0040306 1 0 0.0298309 0.155076 0.19243 0.287713 0.416169 0.368881 0.584095 0.323396 0.874856 0.273092 1.03259 0.163855 103.169  
0 0 0.161759 0.000908906 0.225634 0.00264784 0.464999 0.00529741 0.628743 0.00983846 0.740018 0.0114579 1 0 0.0256857 0.153204 0.17034 0.297052 0.459005 0.366509 0.601263 0.346267 0.916627 0.258418 1.0508 0.140045 122.861  
0 0 0.170583 0.00330423 0.232494 0.00739146 0.403065 0.00483498 0.63639 0.00700388 0.750166 0.00131151 1 0 0.00794543 0.148015 0.175023 0.295435 0.429435 0.365683 0.608799 0.324106 0.890395 0.273721 1.05001 0.155534 125.163  
0 0 0.167856 0.00373817 0.207928 0.00198579 0.449256 0.00198685 0.617935 0.00537731 0.728805 0.0054645 1 0 0.0273066 0.150699 0.24115 0.296081 0.363149 0.33577 0.554052 0.3242 0.874663 0.2634 1.0293 0.135308 123.541  
0 0 0.175535 0.000817965 0.237498 0.00164047 0.429937 0.00105389 0.62155 0.0020663 0.74724 0.00426483 1 0 0.00966554 0.135676 0.18445 0.285373 0.416572 0.361071 0.584961 0.320027 0.880049 0.266847 1.03094 0.1545 113.459  
0 0 0.170731 0.000724265 0.202652 0.000811287 0.444488 0.00783748 0.611491 0.00920725 0.716935 0.00823514 1 0 0.00712506 0.147684 0.156741 0.287636 0.422034 0.349632 0.582976 0.319547 0.888172 0.251896 1.03879 0.130308 128.282  
0 0 0.18507 0.00177225 0.245242 0.00392842 0.431722 0.0028022 0.632991 0.000508734 0.760142 0.00478245 1 0 0.0277735 0.142603 0.191995 0.271367 0.429831 0.351824 0.5971 0.30542 0.86893 0.25247 1.03116 0.158423 117.095  
0 0 0.163976 0.0093945 0.23182 0.00854923 0.455015 0.00759376 0.657767 0.00433085 0.753586 0.00553172 1 0 0.0252228 0.146987 0.174443 0.282183 0.417585 0.368881 0.606377 0.328973 0.916723 0.270113 1.06875 0.137558 117.748  
0 0 0.168666 0.00719751 0.212871 0.00174507 0.458555 0.00167087 0.642494 0.00227797 0.726404 0.000922792 1 0 0.0191921 0.153652 0.17379 0.271531 0.423914 0.336968 0.581758 0.297167 0.880417 0.2575 1.0321 0.144224 113.706  
0 0 0.160816 0.0045985 0.203265 0.00581232 0.445994 0.00294918 0.611195 0.00294784 0.740268 0.00252501 1 0 0.0171662 0.153609 0.170717 0.299487 0.404478 0.366764 0.601784 0.330787 0.911755 0.245376 1.04803 0.131883 118.986  
0 0 0.145858 6.83132e-005 0.241971 0.000589201 0.41215 0.000141506 0.603207 0.00363158 0.710458 0.00130649 1 0 0.0176803 0.143 0.168927 0.280092 0.401663 0.370051 0.564616 0.321005 0.864498 0.259685 1.01117 0.126217 84.1679  
0 0 0.181302 0.00509617 0.228788 0.0101506 0.437724 0.00391294 0.64536 0.00163644 0.748861 0.00313644 1 0 0.0198233 0.13259 0.181503 0.244195 0.406082 0.329893 0.594295 0.303207 0.889555 0.258044 1.04318 0.119939 140.779  
0 0 0.156378 0.00414782 0.239503 0.00728024 0.447411 0.00818194 0.633624 0.00284231 0.716776 0.00399492 1 0 0.0405588 0.186062 0.222716 0.284145 0.444428 0.406811 0.5812 0.286125 0.880221 0.211882 0.995958 0.0832072 34.3258  
0 0 0.191011 0.00561798 0.232742 0.00582827 0.440688 0.00185363 0.620229 0.00116287 0.718749 0.00203467 1 0 0.017122 0.138509 0.180167 0.287195 0.40831 0.363869 0.58342 0.32488 0.879041 0.27389 1.03047 0.141053 95.9092  
0 0 0.164609 0.0105686 0.225486 0.0118405 0.43137 0.00705611 0.629671 0.00357512 0.73444 0.00524682 1 0 0.017051 0.150688 0.173974 0.27357 0.409706 0.339901 0.590499 0.294264 0.889484 0.250998 1.04987 0.126382 135.619  
0 0 0.160951 0.00189224 0.200906 0.00114668 0.400094 0.00908937 0.657158 0.00204579 0.749697 0.00944798 1 0 0.0130279 0.1494 0.14868 0.274087 0.386914 0.362457 0.584783 0.32753 0.901005 0.243348 1.04181 0.119675 116.184  
0 0 0.180312 0.00195733 0.254522 0.000193701 0.462495 0.00901998 0.628007 0.00769658 0.713517 0.00403386 1 0 0.0381978 0.14858 0.221722 0.312617 0.419599 0.378312 0.577047 0.326607 0.881995 0.273967 1.02672 0.141579 99.3603  
0 0 0.181789 0.00672359 0.227396 0.00250262 0.464233 0.00494582 0.631801 0.00231754 0.730976 0.00877435 1 0 0.018068 0.142815 0.189248 0.29348 0.426095 0.354055 0.592899 0.319025 0.898534 0.252567 1.03819 0.131788 112.425  
0 0 0.161929 0.00727922 0.246125 0.0020772 0.430974 0.00188507 0.651438 0.00641919 0.771408 0.0207844 1 0 0.031888 0.135074 0.178048 0.282183 0.398388 0.360506 0.599544 0.336714 0.908671 0.264172 1.03686 0.125483 128.944  
0 0 0.165089 0.000886119 0.230636 0.000771814 0.440607 0.000943777 0.637787 0.00162556 0.730821 0.00350604 1 0 -0.00258502 0.1216 0.168572 0.282155 0.416944 0.35748 0.603053 0.316506 0.877975 0.256303 1.04777 0.125281 113.639  
0 0 0.160612 0.00590584 0.218997 0.00334695 0.429094 0.00537919 0.605137 0.00582217 0.708543 0.00200708 1 0 0.00567533 0.132125 0.169095 0.27706 0.403626 0.352752 0.571153 0.315775 0.876172 0.280647 1.04998 0.143449 111.164  
0 0 0.1875 0.00313653 0.207509 0.00874525 0.441505 0.0119335 0.656923 0.00653988 0.741081 0.00824972 1 0 0.0210613 0.167475 0.189258 0.279064 0.401183 0.349094 0.58054 0.317041 0.905214 0.248389 1.01563 0.134711 110.389  
0 0 0.16488 0.00389431 0.213488 0.00395612 0.454256 0.00846711 0.653953 0.00562882 0.743427 0.00415313 1 0 0.0178352 0.137303 0.183157 0.272382 0.410223 0.340893 0.590837 0.314494 0.892807 0.254312 1.04159 0.130704 133.526  
0 0 0.175418 0.000229745 0.223284 0.00274228 0.439001 0.00269314 0.652012 0.0108204 0.759654 0.0136791 1 0 0.0116461 0.148103 0.202644 0.279793 0.419116 0.344474 0.587251 0.306388 0.903709 0.262723 1.03992 0.145304 120.1  
0 0 0.188943 0.00116915 0.240271 0.00682641 0.44137 0.00924666 0.619458 0.00308131 0.727381 0.00184114 1 0 0.0161441 0.130928 0.187267 0.287433 0.418351 0.363369 0.597604 0.313481 0.862324 0.284677 1.04239 0.151093 120.967  
0 0 0.165476 0.00228246 0.231678 0.00636087 0.45399 0.00915831 0.635984 0.00346768 0.729495 0.000465808 1 0 0.00900563 0.144617 0.188507 0.284179 0.408639 0.350754 0.585634 0.314009 0.875535 0.252155 1.02372 0.151789 113.215  
0 0 0.182614 0.00630959 0.239381 0.00394757 0.455746 0.00355782 0.631193 0.00447218 0.745343 0.00239682 1 0 0.019086 0.13888 0.179728 0.270159 0.433066 0.347141 0.591983 0.307056 0.899742 0.238127 1.03596 0.121696 122.811  
0 0 0.179971 0.00637783 0.228509 0.00872706 0.475724 0.00181268 0.651237 0.00227505 0.752047 0.0031786 1 0 0.0193965 0.157948 0.172494 0.29652 0.394675 0.362611 0.599319 0.332727 0.907387 0.273715 1.04368 0.16356 112.148  
0 0 0.184806 0.00584165 0.235311 0.00875864 0.441718 0.00664905 0.654343 0.00533535 0.742315 0.0040274 1 0 0.000680823 0.146116 0.176573 0.289843 0.415294 0.361557 0.589195 0.317929 0.884767 0.26916 1.05239 0.153403 121.785  
0 0 0.153339 0.00975013 0.202338 0.0139064 0.447208 0.00876177 0.62152 0.00477147 0.723768 0.00963671 1 0 0.0193517 0.134454 0.182453 0.28088 0.395786 0.34022 0.572008 0.308041 0.876621 0.272691 1.03401 0.158028 114.338  
0 0 0.160147 0.00567005 0.211571 0.00469065 0.451534 0.0023173 0.628169 0.00677765 0.734325 0.00286305 1 0 0.00757173 0.135791 0.1651 0.271609 0.388898 0.34706 0.583675 0.321676 0.877688 0.25412 1.02895 0.131183 122.436  
0 0 0.181411 0.0050809 0.237965 0.00541953 0.446969 0.0117085 0.640044 0.0070618 0.744846 0.00296302 1 0 0.0134114 0.154108 0.176222 0.302792 0.420371 0.367621 0.599688 0.326205 0.900338 0.264492 1.04343 0.146218 119.943  
0 0 0.171657 0.000891608 0.229343 0.000762311 0.432935 0.00766352 0.619692 0.000603384 0.746501 0.00049025 1 0 0.00718539 0.151902 0.208615 0.288552 0.412773 0.381632 0.593482 0.340913 0.89122 0.268827 1.04431 0.140069 124.29  
0 0 0.191895 0.00244941 0.235801 0.0022027 0.434555 0.00110633 0.63777 0.00428924 0.739686 0.00363982 1 0 0.0194139 0.148136 0.177036 0.27789 0.395492 0.355346 0.576744 0.326691 0.869492 0.261566 1.0213 0.144738 109.374  
0 0 0.183094 0.00338434 0.235457 0.0074802 0.451051 0.0103363 0.664296 0.000903756 0.74345 0.00077693 1 0 0.00749318 0.145938 0.188005 0.297494 0.420226 0.362512 0.600071 0.315932 0.885907 0.270663 1.04553 0.152274 116.753  
0 0 0.18909 0.00339534 0.241981 0.00338839 0.430215 0.00116491 0.620179 0.0108838 0.755333 0.00162014 1 0 0.00675142 0.152341 0.187441 0.296008 0.415853 0.367725 0.581432 0.315299 0.879466 0.270962 1.04868 0.167074 118.611  
0 0 0.172827 0.00237956 0.215502 0.00244026 0.413221 0.00556646 0.633703 0.00659133 0.72403 0.00671982 1 0 0.0167135 0.13834 0.185632 0.27774 0.408249 0.331794 0.579301 0.299788 0.866997 0.257112 1.02525 0.131937 111.48  
0 0 0.194266 0.0046555 0.247 0.0144863 0.426311 0.00669507 0.63314 0.00751375 0.739171 0.0101198 1 0 0.0207846 0.151948 0.15536 0.280938 0.390575 0.395512 0.593863 0.343249 0.903723 0.271707 1.05233 0.136008 111.531  
0 0 0.161106 0.0155775 0.216201 0.015461 0.442345 0.0151168 0.648175 0.00601523 0.747521 0.00363113 1 0 0.0177126 0.12872 0.181303 0.272895 0.408721 0.334768 0.594852 0.308134 0.885498 0.254925 1.02822 0.135218 130.212  
0 0 0.165139 0.00174587 0.206305 0.0101632 0.453049 0.00235031 0.626756 0.00207937 0.756889 0.00386631 1 0 -0.00307591 0.148869 0.171272 0.287592 0.408218 0.353603 0.592392 0.318298 0.890411 0.263028 1.04818 0.150093 133.45  
0 0 0.171832 0.00014123 0.207921 0.00375958 0.39779 0.00486499 0.604595 0.0097614 0.741978 0.000635695 1 0 0.0104522 0.132371 0.154651 0.273803 0.394764 0.330882 0.571049 0.313498 0.88256 0.259705 1.04484 0.127885 144.375  
0 0 0.170357 0.0038892 0.224323 0.0043885 0.447155 0.00336612 0.648371 0.0052278 0.739357 0.00452759 1 0 0.01125 0.13721 0.177703 0.282983 0.41208 0.362818 0.57128 0.318093 0.88277 0.27103 1.03893 0.154985 103.632  
0 0 0.18089 0.00291045 0.210745 0.000262552 0.468469 0.00289479 0.648525 0.00912705 0.763464 0.00521599 1 0 0.0189109 0.136173 0.183808 0.277484 0.41534 0.354989 0.596818 0.318589 0.898149 0.245291 1.04148 0.107539 133.384  
0 0 0.159548 0.000909083 0.218962 0.00141799 0.465944 0.0039144 0.644866 0.0022834 0.757691 0.00531992 1 0 0.0193661 0.141516 0.171897 0.283371 0.417855 0.378852 0.59679 0.327764 0.904866 0.248653 1.04672 0.128168 122.731  
0 0 0.161472 0.00326455 0.201081 0.00380487 0.412815 0.00307186 0.609777 0.0094072 0.725399 0.0045314 1 0 0.0146822 0.136197 0.155807 0.275719 0.381158 0.327399 0.573292 0.304822 0.880621 0.247097 1.03305 0.119708 131.619  
0 0 0.166026 0.00467138 0.230128 0.00420186 0.410606 0.00116091 0.60948 0.0103472 0.711842 0.00353226 1 0 0.0178307 0.171743 0.176927 0.298333 0.391076 0.382946 0.576126 0.337897 0.890815 0.288213 1.03995 0.16971 115.212  
0 0 0.165361 0.00121132 0.22363 0.0049383 0.434248 0.00281849 0.632676 0.00369701 0.754202 0.00678733 1 0 0.0175897 0.137352 0.185858 0.280716 0.418046 0.378183 0.595993 0.316992 0.878513 0.254122 1.03706 0.147012 111.702  
0 0 0.181642 0.00204406 0.234983 8.22582e-005 0.450323 0.00653783 0.625284 0.00469773 0.747697 0.00258268 1 0 0.00632036 0.154632 0.178603 0.290113 0.405692 0.36736 0.606493 0.325039 0.894479 0.272139 1.04573 0.155361 109.072  
0 0 0.19096 0.00204418 0.270513 0.00232809 0.470445 0.000397479 0.668105 0.00306627 0.715859 0.00198739 1 0 0.0557322 0.221594 0.233065 0.308074 0.463602 0.405826 0.611436 0.313781 0.890665 0.221566 0.99983 0.122707 29.5752  
0 0 0.203231 0.00284903 0.254787 0.00811047 0.465026 0.00516319 0.656642 0.00714987 0.726755 0.00850344 1 0 0.0548303 0.217329 0.231328 0.308383 0.46037 0.409999 0.612242 0.318863 0.878381 0.218448 1.00706 0.115631 28.7571  
0 0 0.194263 0.0034039 0.290173 0.00499158 0.469786 0.0070243 0.654739 0.00463074 0.711583 0.00256194 1 0 0.0568439 0.234243 0.225926 0.330268 0.453987 0.427478 0.609682 0.330803 0.887876 0.229781 1.00477 0.124218 27.823  
0 0 0.193098 0.00191531 0.263129 0.00215908 0.458803 0.00184566 0.642638 0.00174119 0.726912 0.00195013 1 0 0.0555265 0.220905 0.224335 0.316513 0.460614 0.423701 0.609852 0.320884 0.880276 0.225449 1.00867 0.114919 28.1359  
0 0 0.175418 0.00664886 0.237421 0.0103834 0.440712 0.0156072 0.627105 0.0118314 0.717201 0.00558119 1 0 0.036406 0.215061 0.217146 0.301975 0.43786 0.412181 0.586529 0.320192 0.8648 0.231111 0.997943 0.112455 31.9137  
0 0 0.177374 0.00368016 0.232775 0.00455661 0.462678 0.00277464 0.655741 0.0128757 0.738089 0.00816413 1 0 0.0196985 0.203866 0.205827 0.303269 0.466005 0.433087 0.5971 0.331722 0.876635 0.231225 1.00351 0.106083 31.0912  
0 0 0.18493 0.00857663 0.247348 0.00414311 0.450244 0.0102029 0.623441 0.00425927 0.72063 0.00573066 1 0 0.0323027 0.21551 0.218394 0.307858 0.44582 0.428086 0.598631 0.321449 0.87258 0.232382 0.998093 0.111525 30.5936  
0 0 0.145154 0.00946488 0.228333 0.000163628 0.454115 0.00160049 0.666147 0.00373277 0.723386 0.00257203 1 0 0.0319229 0.206305 0.219998 0.305106 0.455987 0.418337 0.622005 0.298415 0.876407 0.229141 1.00432 0.0970572 30.3862  
0 0 0.165261 0.00688124 0.254094 0.00931444 0.462811 0.000153675 0.638444 0.00356015 0.716938 0.00089644 1 0 0.017583 0.180778 0.203492 0.305793 0.45038 0.43596 0.633258 0.331602 0.888402 0.222087 0.993785 0.103304 32.9674  
0 0 0.175163 0.00265912 0.247808 0.00763791 0.464809 0.000480905 0.628091 0.0076662 0.730608 0.00534653 1 0 0.0310042 0.184158 0.216294 0.300651 0.444427 0.427652 0.62273 0.322079 0.886563 0.212277 0.995856 0.0936492 34.3704  
0 0 0.151379 0.00442114 0.208988 0.00743768 0.440864 0.00522891 0.644206 0.0012339 0.727609 0.00607576 1 0 0.0266158 0.139214 0.170274 0.271385 0.414773 0.342752 0.572663 0.29746 0.891191 0.250212 1.0361 0.143337 138.991  
0 0 0.149548 0.00659602 0.200005 0.00838905 0.451074 0.017355 0.649853 0.00811559 0.756235 0.00683512 1 0 -0.00182057 0.151061 0.177514 0.28784 0.393093 0.361941 0.600004 0.321276 0.910633 0.265659 1.04954 0.12158 127.622  
0 0 0.16125 2.15173e-005 0.199514 0.00103121 0.42313 0.00296736 0.630333 0.00020543 0.751939 0.00562252 1 0 0.0188214 0.145924 0.177857 0.289346 0.401873 0.355372 0.582142 0.321597 0.885288 0.255327 1.01968 0.135436 123.087  
0 0 0.160234 0.00499237 0.213499 0.00300326 0.428131 0.00346137 0.630992 0.000781239 0.739816 0.00315888 1 0 0.0233079 0.157307 0.173021 0.286483 0.373198 0.347069 0.566517 0.330847 0.865772 0.268771 1.03078 0.149033 116.049  
0 0 0.166778 0.000778383 0.214959 0.00275502 0.429666 0.00534522 0.617596 0.00269366 0.730837 0.0016097 1 0 0.00390394 0.150865 0.168797 0.292767 0.411247 0.376481 0.571695 0.33232 0.874948 0.275312 1.03142 0.15045 88.9504  
0 0 0.197459 0.00886301 0.247827 0.00732632 0.434588 0.00751366 0.625128 0.00111505 0.707685 0.00270344 1 0 0.0198221 0.131353 0.180337 0.274487 0.412714 0.358389 0.571986 0.311248 0.864736 0.266821 1.03018 0.148814 110.957  
0 0 0.160555 0.000507442 0.21494 0.00690601 0.440563 0.0058172 0.646657 0.00238098 0.724414 0.00466367 1 0 0.0138983 0.129584 0.170666 0.289476 0.361878 0.362243 0.575842 0.325554 0.884953 0.259151 1.02084 0.127039 125.562  
0 0 0.157833 0.00755127 0.216716 0.00928403 0.429679 0.0179109 0.627121 0.00886752 0.742447 0.0041678 1 0 0.027488 0.136249 0.173443 0.265883 0.407786 0.339582 0.596793 0.304894 0.900683 0.252846 1.03631 0.119666 122.938  
0 0 0.172511 0.00568852 0.226991 0.00730104 0.442142 0.0123071 0.626042 0.00560796 0.726096 0.00179853 1 0 0.00978648 0.145021 0.1872 0.277758 0.401017 0.342415 0.593544 0.313766 0.880182 0.256119 1.03739 0.134152 107.774  
0 0 0.170122 0.00245584 0.234435 0.00273404 0.441738 0.000573177 0.635887 0.0052234 0.745009 0.0058111 1 0 0.020088 0.138379 0.185342 0.269546 0.387133 0.352384 0.594559 0.317204 0.886837 0.277749 1.05008 0.146664 112.582  
0 0 0.168295 0.00263738 0.220939 0.00356059 0.418694 0.0026323 0.618013 0.000708304 0.71131 0.00110124 1 0 0.0111065 0.140798 0.171065 0.284719 0.395521 0.364446 0.573808 0.321703 0.889894 0.261929 1.03104 0.144325 104.827  
0 0 0.112565 0.0151274 0.202111 0.0103549 0.439704 0.00799517 0.626216 0.00360394 0.742441 0.00761495 1 0 0.023668 0.140286 0.165397 0.290284 0.403808 0.359716 0.597348 0.322347 0.888971 0.260912 1.04848 0.114351 109.652  
0 0 0.172273 0.00242498 0.223997 0.000223193 0.44526 0.00105421 0.643422 0.000426936 0.765685 0.00410841 1 0 0.00305541 0.175743 0.165479 0.302562 0.412591 0.37779 0.602967 0.329161 0.900745 0.258462 1.05855 0.147456 119.464  
0 0 0.168271 0.00630601 0.230903 0.00560898 0.422818 0.00580131 0.621848 0.00503136 0.730525 0.00641098 1 0 0.02874 0.135681 0.186877 0.29345 0.406552 0.36163 0.569161 0.313038 0.880746 0.25952 1.03932 0.144711 96.7769  
0 0 0.154234 0.00183893 0.189781 0.00311005 0.411545 0.00246704 0.639068 0.00578984 0.768275 0.00742482 1 0 -0.0115577 0.149292 0.166246 0.289254 0.397832 0.372842 0.600394 0.326852 0.89699 0.283479 1.05561 0.16997 112.595  
0 0 0.158715 0.000253823 0.205268 0.000710866 0.421408 0.00205892 0.624026 0.00982178 0.752664 0.0116285 1 0 0.0140823 0.143099 0.179132 0.263759 0.421241 0.3473 0.585953 0.305212 0.881151 0.261199 1.03456 0.125014 111.244  
0 0 0.149866 0.000952051 0.209769 0.00202912 0.399794 0.00452946 0.632277 0.00247149 0.725934 0.00433712 1 0 0.0252005 0.134821 0.167474 0.283615 0.394015 0.374175 0.579972 0.330405 0.896876 0.272287 1.04782 0.14437 111.911  
