0 0 0.128415 0.00795697 0.250402 0.00200621 0.424829 0.00512315 0.616906 0.00247025 0.807385 0.00170819 1 0 0.0248823 0.0976468 0.171484 0.223381 0.392727 0.326907 0.605671 0.304705 0.878009 0.214552 1.0535 0.141251 205.867  
0 0 0.113115 0.0105958 0.208453 0.0105678 0.4092 0.0107587 0.606757 0.0105095 0.812237 0.00950817 1 0 0.0261038 0.105367 0.156103 0.262876 0.373756 0.344954 0.611528 0.332882 0.909551 0.218506 1.09346 0.100645 212.768  
0 0 0.107487 0.00613117 0.213394 0.00507253 0.388705 0.0031429 0.623151 0.0029658 0.807219 0.004076 1 0 0.0139263 0.099735 0.15477 0.246767 0.374563 0.350871 0.587926 0.330555 0.904371 0.213635 1.06377 0.0758467 210.943  
0 0 0.111225 0.00686194 0.2359 0.00245247 0.443557 0.00392783 0.616461 0.00141031 0.797069 0.00143245 1 0 0.0291328 0.118811 0.160317 0.24318 0.404141 0.344933 0.593546 0.303381 0.882056 0.215865 1.06995 0.131153 180.785  
0 0 0.137434 0.00122298 0.236836 0.00795516 0.456614 0.00513106 0.634737 0.00536013 0.794549 0.00603645 1 0 0.0272599 0.100437 0.19709 0.247182 0.398807 0.317914 0.610286 0.298835 0.894521 0.21236 1.07068 0.129911 211.73  
0 0 0.127363 0.00337871 0.23925 0.00371403 0.395602 0.000686121 0.632873 0.00209928 0.8047 0.00158432 1 0 0.0242121 0.109405 0.193554 0.240516 0.396851 0.320179 0.616628 0.308202 0.904848 0.208778 1.06791 0.104635 217.827  
0 0 0.188112 0.00560116 0.284784 0.00165145 0.45426 0.00123174 0.619858 0.00220443 0.795721 0.00461436 1 0 0.0418987 0.136597 0.220329 0.248358 0.437804 0.349195 0.610484 0.291525 0.884658 0.185572 1.07669 0.109221 104.476  
0 0 0.128722 0.00200856 0.247377 0.00121375 0.440689 0.00278965 0.63926 0.00385185 0.805265 0.000347504 1 0 0.0270114 0.118912 0.18808 0.233738 0.40122 0.335409 0.628248 0.308369 0.909334 0.215762 1.07651 0.106694 243.766  
0 0 0.140133 0.00117961 0.264262 0.00296772 0.438453 4.80491e-006 0.629369 0.00520166 0.810079 0.000102276 1 0 0.015477 0.112546 0.171976 0.241798 0.398189 0.355749 0.599156 0.320618 0.889455 0.223364 1.06144 0.105598 195.213  
0 0 0.113224 0.00284978 0.215124 0.00552244 0.432498 0.00514694 0.629979 0.000684669 0.824721 0.00112357 1 0 0.0312929 0.106222 0.176336 0.230037 0.40337 0.330118 0.619143 0.305245 0.908303 0.219067 1.07387 0.131634 240.783  
0 0 0.147331 0.0043964 0.246718 0.0109412 0.412171 0.0110694 0.655663 0.00385277 0.821293 0.00919413 1 0 0.0143409 0.104459 0.195469 0.245746 0.369325 0.313141 0.614929 0.292903 0.905226 0.205666 1.04356 0.10661 165.732  
0 0 0.139232 0.00225766 0.240358 0.00611716 0.428884 0.0108153 0.622983 0.00788011 0.801833 0.00192717 1 0 0.0198253 0.116873 0.199703 0.255835 0.406003 0.339672 0.600881 0.314017 0.888725 0.228903 1.03125 0.12931 166.612  
0 0 0.144574 0.00072979 0.242276 0.00354936 0.428568 0.00122448 0.65942 0.00302691 0.832001 0.000479996 1 0 0.0317059 0.108005 0.200292 0.233143 0.411444 0.316843 0.617713 0.276283 0.91943 0.208284 1.06542 0.0877079 209.779  
0 0 0.130589 0.00104333 0.214108 0.00402657 0.433707 0.000777849 0.637026 0.0029662 0.811082 0.00111567 1 0 0.0271374 0.100922 0.192867 0.236574 0.398676 0.314955 0.617597 0.302616 0.907829 0.21704 1.0765 0.0949611 222.377  
0 0 0.168266 0.00272679 0.262411 0.00227115 0.432941 0.00944715 0.643593 0.00740876 0.823717 0.00425947 1 0 0.00429685 0.0952558 0.20002 0.236779 0.397648 0.32597 0.617489 0.298065 0.901409 0.202623 1.0508 0.0974332 225.024  
0 0 0.144305 0.00638411 0.243101 0.000794515 0.449547 0.00206453 0.639625 0.00241885 0.795275 0.000963723 1 0 0.0265299 0.11084 0.212975 0.242014 0.41851 0.317546 0.617065 0.281246 0.897165 0.204202 1.06546 0.10828 183.467  
0 0 0.176673 0.00517867 0.269659 0.00390743 0.456326 0.0027908 0.643684 0.00380972 0.810487 0.0018001 1 0 0.0216742 0.140155 0.202957 0.27253 0.440395 0.373595 0.62452 0.305523 0.902382 0.211489 1.06348 0.0915301 89.9972  
0 0 0.17806 0.00140867 0.258873 0.000870637 0.4591 0.00108585 0.61825 0.00424558 0.797504 0.00236735 1 0 0.0338619 0.151545 0.204766 0.277753 0.424758 0.414125 0.616083 0.343554 0.894795 0.212881 1.05453 0.102295 57.5607  
0 0 0.135483 0.00582074 0.243019 0.00720179 0.388425 0.00538743 0.64342 0.000222175 0.79924 0.00118777 1 0 0.0198201 0.105261 0.183017 0.243253 0.374734 0.336729 0.627731 0.3058 0.903475 0.216111 1.07238 0.119278 172.011  
0 0 0.116249 0.000837185 0.202139 0.00299894 0.427454 0.00204957 0.611594 0.00440448 0.781368 0.00151191 1 0 0.0128705 0.110595 0.162302 0.248189 0.376944 0.341421 0.603658 0.328204 0.894551 0.223497 1.06327 0.0943955 177.86  
0 0 0.18093 0.00258989 0.272996 0.00231108 0.505793 0.00322364 0.632687 0.0138217 0.813716 0.0047722 1 0 0.0305916 0.140228 0.212154 0.276184 0.417515 0.411059 0.639126 0.327965 0.905204 0.201542 1.04761 0.0867125 60.551  
0 0 0.118948 0.00411946 0.265786 0.00656322 0.430274 0.00390469 0.626633 0.00298991 0.791691 0.000237119 1 0 0.0327285 0.12493 0.183832 0.249003 0.398967 0.337229 0.61468 0.305926 0.893006 0.220264 1.06517 0.103305 144.533  
0 0 0.122598 0.00654151 0.237354 0.00159953 0.421515 0.0025884 0.629743 0.000256563 0.794726 0.00116286 1 0 0.00641731 0.102862 0.17791 0.23497 0.385674 0.321441 0.620935 0.297924 0.880164 0.219572 1.05801 0.133465 227.701  
0 0 0.131876 0.00639013 0.232372 0.00132429 0.416592 0.0017167 0.615792 0.00557878 0.792624 0.000402942 1 0 0.023123 0.104259 0.160916 0.240339 0.385971 0.333739 0.589263 0.316241 0.867199 0.223929 1.05179 0.147078 203.591  
0 0 0.141593 0.008283 0.258212 0.000457151 0.453369 0.00280865 0.64226 0.00274403 0.831255 0.00155079 1 0 0.0198356 0.105602 0.182869 0.249586 0.408516 0.34706 0.613898 0.297665 0.89572 0.217722 1.08858 0.116046 207.02  
0 0 0.142761 0.00278068 0.256653 0.00418385 0.426389 0.00315776 0.635072 0.00278018 0.802313 0.00177652 1 0 0.0186912 0.10809 0.204915 0.228877 0.380178 0.31081 0.618095 0.29954 0.869182 0.224917 1.05794 0.129086 192.383  
0 0 0.146876 0.00297042 0.224898 0.00316207 0.422761 0.00439465 0.632345 0.00353964 0.811861 0.00739679 1 0 0.0178706 0.100959 0.172882 0.23633 0.395221 0.337569 0.61474 0.31108 0.884002 0.218233 1.0538 0.132816 189.968  
0 0 0.131534 0.00545081 0.221267 0.00109326 0.406273 0.0065112 0.637374 0.00821305 0.792257 0.00135694 1 0 0.0251997 0.106329 0.170255 0.244929 0.410268 0.338971 0.610022 0.294408 0.890598 0.212049 1.06915 0.125385 184.121  
0 0 0.193728 0.000696864 0.295122 0.0010453 0.460453 0.00121951 0.620732 0.00087108 0.794948 0.00261324 1 0 0.054007 0.1777 0.225697 0.288937 0.456533 0.403746 0.624652 0.30601 0.903136 0.179617 1.03267 0.0530488 36.8629  
0 0 0.141318 0.00721104 0.233271 0.000941997 0.43665 7.39169e-006 0.63785 0.00043197 0.795003 0.000696001 1 0 0.0290708 0.106579 0.185928 0.242519 0.398568 0.318393 0.62234 0.298502 0.899681 0.214238 1.07721 0.113106 208.999  
0 0 0.167789 0.00150403 0.25169 0.000559256 0.428491 0.000161056 0.624994 0.00253377 0.789991 0.00610362 1 0 0.0267498 0.102772 0.186102 0.248602 0.380633 0.340379 0.624433 0.333337 0.912435 0.22353 1.09965 0.125002 207.434  
0 0 0.149346 0.00169706 0.231465 0.0026538 0.424469 1.64955e-005 0.636389 0.00657939 0.800709 0.00482196 1 0 0.013214 0.101935 0.185529 0.244095 0.383106 0.316216 0.601392 0.302676 0.876542 0.229742 1.05429 0.125208 193.548  
0 0 0.130687 0.0023594 0.271632 0.0031626 0.437898 0.000570606 0.62622 0.00758605 0.805285 0.00161393 1 0 0.0258735 0.124528 0.190755 0.251929 0.41883 0.331482 0.619335 0.295843 0.889069 0.211556 1.07051 0.106119 157.494  
0 0 0.147462 0.0135744 0.251472 0.0095346 0.433902 0.00782158 0.630976 0.00814593 0.797205 0.00753767 1 0 0.0117691 0.0920076 0.180377 0.247783 0.384773 0.344492 0.624957 0.330906 0.891815 0.213805 1.05416 0.10504 194.237  
0 0 0.138402 0.000266616 0.254957 0.00970221 0.428823 0.00691723 0.64316 0.00741598 0.819663 0.00241026 1 0 0.0238595 0.108044 0.195011 0.237399 0.414024 0.31205 0.615929 0.287145 0.896115 0.212521 1.08015 0.116937 206.236  
0 0 0.136154 0.00634516 0.221138 0.000259639 0.439968 0.00234335 0.629518 0.00138232 0.789196 0.00144995 1 0 0.00862137 0.105972 0.170305 0.258731 0.390849 0.341167 0.62491 0.314467 0.900618 0.212233 1.08327 0.102243 179.88  
0 0 0.19414 0.00199582 0.303487 0.00943891 0.468212 0.00347007 0.608489 0.0009234 0.77976 0.00182551 1 0 0.0505582 0.176207 0.22515 0.296083 0.437943 0.423305 0.605189 0.315626 0.882507 0.199023 1.02934 0.0889032 35.4854  
0 0 0.109483 0.0010922 0.222098 0.00167934 0.418665 9.73137e-005 0.619889 0.00531746 0.800345 0.00625472 1 0 0.0271013 0.106084 0.16318 0.24375 0.393096 0.340482 0.600364 0.311545 0.899645 0.209345 1.07639 0.102452 196.814  
0 0 0.142729 0.00142886 0.228946 0.00123586 0.41006 0.000989314 0.607677 0.000236462 0.776413 0.000369645 1 0 0.0165488 0.108194 0.175745 0.243315 0.411588 0.35218 0.612732 0.316321 0.881464 0.213399 1.07008 0.138149 172.595  
0 0 0.141953 0.0101819 0.272241 0.00279236 0.437516 0.00540955 0.635324 0.000175429 0.828412 6.54734e-005 1 0 0.0127511 0.105036 0.200802 0.234553 0.424465 0.331678 0.614571 0.297599 0.89177 0.20527 1.07874 0.112695 218.368  
0 0 0.136111 0.00572267 0.219044 0.00145933 0.43531 0.000533884 0.630525 0.000519716 0.775243 0.000713563 1 0 0.0184299 0.109556 0.179983 0.262732 0.40296 0.354724 0.628534 0.32998 0.921159 0.219347 1.078 0.115739 191.566  
0 0 0.147954 0.00606987 0.260689 0.000873648 0.462631 0.00153319 0.625504 0.00182366 0.786452 0.00155565 1 0 0.0254425 0.115695 0.195177 0.259159 0.415185 0.348264 0.603433 0.320382 0.902423 0.215711 1.05512 0.0948324 145.191  
0 0 0.113411 0.00860146 0.228902 0.00265513 0.421169 0.00311832 0.608423 0.00205032 0.767546 0.00485716 1 0 0.0251073 0.113464 0.173941 0.240472 0.386538 0.343134 0.60339 0.313506 0.880784 0.230977 1.06628 0.140561 181.783  
0 0 0.123172 0.00238159 0.220483 0.00200118 0.418753 0.00235829 0.611329 0.00675607 0.807476 0.00336584 1 0 0.0155185 0.106369 0.184521 0.238321 0.384049 0.334081 0.615959 0.298609 0.872147 0.200557 1.06104 0.144148 248.524  
0 0 0.135345 0.0032374 0.251134 0.00300525 0.415044 0.00317786 0.649128 0.00270851 0.825052 0.00516301 1 0 0.0273202 0.105759 0.204261 0.239349 0.400004 0.322804 0.633338 0.27744 0.895485 0.190222 1.05213 0.103514 225.115  
0 0 0.110058 0.00187232 0.21117 0.000127325 0.396302 0.00177522 0.620806 0.000740134 0.798142 0.00315381 1 0 0.0263458 0.108884 0.171284 0.248594 0.380268 0.353817 0.631207 0.319003 0.900845 0.217102 1.06121 0.103667 209.668  
0 0 0.168696 0.00183539 0.285745 0.00655155 0.434902 0.00109957 0.636263 0.000910053 0.794911 0.00587992 1 0 0.0213315 0.109131 0.209799 0.240131 0.414864 0.331589 0.636789 0.306535 0.906408 0.205067 1.08038 0.133377 211.265  
0 0 0.137642 0.000757837 0.247079 0.000704314 0.440455 0.00242508 0.627644 0.00414395 0.812795 0.00103397 1 0 0.0333839 0.111829 0.198564 0.230568 0.414656 0.30455 0.621804 0.26941 0.878854 0.200621 1.05233 0.116311 168.69  
0 0 0.168755 0.00120767 0.286284 0.000556575 0.453547 0.00646436 0.640457 0.0066192 0.791095 0.00720314 1 0 0.029612 0.117974 0.220855 0.260291 0.41405 0.352878 0.634037 0.314587 0.912018 0.214091 1.07449 0.0966559 105.648  
0 0 0.111873 0.00170986 0.230487 0.00903185 0.42694 0.00548345 0.611932 0.00211021 0.78276 0.000591002 1 0 0.0245868 0.0969244 0.184861 0.235774 0.399889 0.326795 0.610597 0.295614 0.878047 0.205801 1.07068 0.1239 169.301  
0 0 0.150235 0.000399327 0.252791 0.00117018 0.463487 0.00664955 0.630427 0.00770726 0.814046 0.00704256 1 0 0.0362041 0.128815 0.214638 0.249637 0.445593 0.342204 0.629604 0.286579 0.903024 0.19676 1.05007 0.0807038 109.921  
0 0 0.162692 0.00334862 0.257256 0.00268712 0.458982 0.00589371 0.631551 0.0109948 0.782178 0.0114686 1 0 0.02942 0.12535 0.202247 0.26939 0.399618 0.333978 0.634614 0.311175 0.917784 0.213581 1.06987 0.103062 154.424  
0 0 0.139719 0.00100695 0.255368 0.00330675 0.424807 0.000282752 0.630798 0.00414368 0.79629 0.000519534 1 0 0.0123725 0.101297 0.195356 0.245218 0.388695 0.335933 0.627085 0.308351 0.888064 0.217447 1.06898 0.123441 195.665  
0 0 0.130671 0.00499883 0.254358 0.00129903 0.468647 0.00324858 0.63648 0.00644051 0.810695 0.00555628 1 0 0.030776 0.106277 0.178865 0.243321 0.435251 0.353076 0.628641 0.330713 0.916677 0.209641 1.08479 0.110623 196.567  
0 0 0.144676 0.00557995 0.266012 0.00654398 0.436949 0.0050619 0.632393 0.0032795 0.794761 0.00251518 1 0 0.0321831 0.121048 0.201343 0.252798 0.429874 0.350546 0.617682 0.30026 0.898288 0.209214 1.06797 0.117017 131.15  
0 0 0.12656 0.00407856 0.231492 0.00162858 0.401761 0.00378866 0.605882 0.0019209 0.782382 0.00292257 1 0 0.0124378 0.101739 0.167185 0.238453 0.380315 0.338724 0.589364 0.316015 0.884521 0.22691 1.07858 0.124676 225.928  
0 0 0.12672 0.000536531 0.255922 0.00143776 0.433833 5.96146e-005 0.607375 0.00158154 0.779657 0.00123788 1 0 0.028068 0.116729 0.18538 0.244052 0.409491 0.339905 0.614248 0.291494 0.869865 0.202243 1.06118 0.11891 164.308  
0 0 0.136585 0.000892875 0.269702 0.00573241 0.444051 0.00357874 0.630418 0.00510518 0.800131 0.000138027 1 0 0.0286247 0.123463 0.199843 0.254659 0.416506 0.337533 0.632462 0.297715 0.910463 0.201568 1.07265 0.113738 147.082  
0 0 0.122382 0.00101021 0.228521 0.00468722 0.407046 0.0126697 0.645792 0.00628785 0.819607 0.00101438 1 0 0.0208152 0.0962144 0.194464 0.233649 0.387408 0.326099 0.617557 0.291117 0.894466 0.204396 1.0382 0.113968 198.182  
0 0 0.12384 0.00442818 0.234842 0.00153804 0.471382 0.000736079 0.616545 0.000204336 0.817822 0.000531408 1 0 0.0286313 0.104709 0.194903 0.236902 0.405509 0.328506 0.601258 0.292678 0.881508 0.215814 1.06828 0.0989131 186.475  
0 0 0.164602 0.011081 0.2465 0.00300283 0.444754 0.00782072 0.619485 0.00392866 0.786382 0.00305548 1 0 0.029985 0.112899 0.20135 0.23224 0.41877 0.318116 0.612416 0.289941 0.877938 0.198603 1.05619 0.103318 140.234  
0 0 0.154221 0.000390366 0.247096 7.88063e-005 0.427197 0.00542083 0.658133 0.0118026 0.835686 0.00658949 1 0 0.0204504 0.103053 0.204047 0.241351 0.39909 0.333459 0.650183 0.30419 0.90457 0.205164 1.0853 0.115846 239.805  
0 0 0.104555 0.00807061 0.250018 0.0149688 0.421606 0.0139534 0.637681 0.00725888 0.81042 0.00627527 1 0 0.0268135 0.100759 0.18681 0.241658 0.382615 0.329227 0.614007 0.314287 0.913311 0.222874 1.07018 0.115149 196.582  
0 0 0.151689 0.000758673 0.254606 0.000487264 0.431203 0.00979658 0.64365 0.00157927 0.816774 0.000149682 1 0 0.0121384 0.109182 0.17515 0.238925 0.393198 0.325407 0.597205 0.301035 0.89234 0.214773 1.07525 0.135333 200.223  
0 0 0.138747 0.00754454 0.24248 0.00743522 0.405501 0.00655792 0.623419 0.00484759 0.78811 0.0023485 1 0 0.0126085 0.103468 0.182657 0.227423 0.382692 0.317475 0.583354 0.298532 0.871815 0.208004 1.05455 0.119925 202.682  
0 0 0.166133 0.00032711 0.274301 0.000717652 0.443653 0.000421636 0.62397 0.00170022 0.799755 0.0012902 1 0 0.0363654 0.116547 0.204164 0.251704 0.432411 0.331545 0.618147 0.278498 0.889248 0.189615 1.05701 0.105608 121.745  
0 0 0.160546 0.00196709 0.238774 0.00184517 0.444748 0.00409277 0.644894 0.00237531 0.825297 8.87844e-005 1 0 0.0184812 0.0969893 0.196577 0.246455 0.394738 0.323049 0.643235 0.304611 0.931402 0.187471 1.04106 0.0638336 204.26  
0 0 0.160731 0.00659543 0.280751 0.00202563 0.462936 0.00274709 0.640617 1.56084e-005 0.800888 0.00110126 1 0 0.023867 0.10055 0.198996 0.229859 0.411909 0.326779 0.645137 0.298389 0.910421 0.193654 1.0717 0.0985795 217.327  
0 0 0.153228 0.00012908 0.248571 0.00212395 0.447946 0.00260317 0.65656 0.00266033 0.793782 0.0030699 1 0 0.0246046 0.113783 0.186585 0.244197 0.413462 0.346535 0.641233 0.312082 0.909193 0.199932 1.07944 0.109452 184.307  
0 0 0.170276 0.00591222 0.252545 0.00701399 0.453698 0.00391969 0.63244 0.0133501 0.822116 0.00283846 1 0 0.0404052 0.166139 0.196763 0.260676 0.403418 0.418413 0.613608 0.318137 0.87991 0.20052 1.02847 0.0921595 51.8144  
0 0 0.162122 0.00289205 0.289402 0.00157659 0.460551 0.00235995 0.639814 0.00206434 0.801562 0.00543923 1 0 0.042021 0.168202 0.223306 0.274472 0.42441 0.412812 0.626122 0.312226 0.898478 0.195445 1.04672 0.0740109 45.5627  
0 0 0.186558 0.00531335 0.268814 0.00607383 0.43658 0.00452285 0.63416 0.0117324 0.808339 0.00719954 1 0 0.0369283 0.18685 0.218268 0.275318 0.415034 0.439244 0.605949 0.329998 0.882781 0.193062 1.02837 0.0982019 45.1067  
0 0 0.147003 0.00216993 0.220251 0.00844713 0.450851 0.0081115 0.668357 0.0132904 0.84703 0.0093283 1 0 0.028441 0.111207 0.204384 0.252722 0.41231 0.335488 0.636902 0.308982 0.926789 0.199701 1.06831 0.10052 220.548  
0 0 0.124684 0.00874859 0.250767 0.000121805 0.438259 0.00736778 0.638443 0.00481274 0.804918 0.00200522 1 0 0.0255269 0.11337 0.187453 0.236471 0.392506 0.319469 0.6262 0.296981 0.907075 0.211188 1.07761 0.0980496 195.494  
0 0 0.118929 0.00783054 0.229281 0.00950702 0.484274 0.0113747 0.61713 0.00262851 0.778566 0.00587653 1 0 0.0225247 0.104955 0.164006 0.232533 0.385874 0.329439 0.598361 0.322181 0.872166 0.226782 1.06975 0.115848 203.89  
0 0 0.111148 0.00568783 0.210057 0.00796357 0.400861 0.00732433 0.625942 0.000515045 0.823746 0.0017096 1 0 0.011925 0.0995077 0.171629 0.239966 0.357483 0.325785 0.617483 0.310307 0.910963 0.210292 1.07676 0.10382 218.773  
0 0 0.148377 0.00169977 0.242199 0.00557491 0.416094 0.00638067 0.623931 0.00477079 0.78063 0.0026232 1 0 0.0294403 0.111283 0.176711 0.246158 0.398006 0.324368 0.608535 0.289011 0.891935 0.206211 1.07123 0.118015 184.078  
0 0 0.14903 0.00584126 0.228015 0.00136257 0.410494 0.00565783 0.626186 0.00386084 0.795623 0.00250448 1 0 0.0127341 0.114908 0.177266 0.238171 0.386852 0.338768 0.617477 0.321191 0.912503 0.210811 1.09574 0.111933 194.228  
0 0 0.125295 0.00106308 0.204554 0.00223843 0.39406 0.00218688 0.642428 0.00115817 0.821317 0.00459142 1 0 0.0208636 0.106818 0.184643 0.256303 0.379849 0.33749 0.637305 0.310048 0.925754 0.205384 1.08105 0.0925857 208.053  
0 0 0.155924 0.000637694 0.247827 0.00505742 0.415018 0.0125026 0.646867 0.0125329 0.820819 0.0198757 1 0 0.0189176 0.102679 0.193524 0.231996 0.423986 0.329054 0.626149 0.292778 0.888538 0.223699 1.05625 0.124258 207.307  
0 0 0.166918 0.00191402 0.267107 0.00434477 0.452268 0.000272654 0.641118 0.00239375 0.803857 0.00054177 1 0 0.0218896 0.108492 0.205542 0.237088 0.419126 0.328914 0.623877 0.297883 0.901918 0.211009 1.06676 0.119193 259.054  
0 0 0.191459 0.00264289 0.302144 0.00106721 0.463529 0.011216 0.590518 0.0198246 0.746682 0.0122064 1 0 0.0555051 0.196962 0.230827 0.298558 0.421803 0.460875 0.5637 0.317018 0.842894 0.202135 1.02633 0.0918567 33.8508  
0 0 0.141916 0.00116557 0.248398 0.00819477 0.453611 0.00184013 0.628828 0.00162084 0.792566 0.00236928 1 0 0.0270322 0.122526 0.200342 0.263893 0.410475 0.337344 0.626901 0.300755 0.892737 0.215616 1.07696 0.101239 160.615  
0 0 0.112639 0.00149895 0.227409 0.000259814 0.38957 0.00143562 0.643845 0.000746072 0.806763 0.00426667 1 0 0.017722 0.100752 0.175851 0.236932 0.392677 0.317957 0.627756 0.286487 0.919509 0.193788 1.07388 0.0993341 236.655  
0 0 0.136082 0.00524498 0.245684 0.00658981 0.414779 0.00454348 0.629665 0.00397944 0.808006 0.00240601 1 0 0.0248887 0.115145 0.189551 0.253185 0.423821 0.356657 0.640464 0.321644 0.899591 0.225881 1.08167 0.119328 200.852  
0 0 0.161061 0.000152592 0.245853 0.00212776 0.428703 0.00419583 0.634767 0.00391735 0.800088 0.00738995 1 0 0.023685 0.119374 0.197778 0.240401 0.392935 0.327106 0.624344 0.295126 0.90099 0.213408 1.08845 0.136038 221.662  
0 0 0.169427 0.003057 0.246355 0.00360663 0.424181 0.00574528 0.63058 0.006779 0.803716 0.00181515 1 0 0.0111945 0.0947855 0.187129 0.244445 0.400871 0.331902 0.624063 0.305819 0.902911 0.207854 1.07586 0.113898 250.003  
0 0 0.173938 0.00161803 0.260417 0.00521318 0.438997 0.00780462 0.612031 0.00662355 0.782327 0.000164399 1 0 0.036728 0.159543 0.214387 0.272074 0.420416 0.381784 0.609715 0.306085 0.878115 0.197201 1.03303 0.102803 61.9702  
0 0 0.14307 0.00106068 0.216889 0.005487 0.417542 0.0109128 0.624559 0.00697603 0.791188 0.00222336 1 0 0.0167211 0.111683 0.169827 0.27205 0.417047 0.372081 0.624074 0.326818 0.91692 0.22309 1.08972 0.116084 214.153  
0 0 0.155096 0.00102725 0.274387 0.00256022 0.468097 0.00483579 0.631742 0.0043091 0.785762 0.00190831 1 0 0.0344144 0.127846 0.203022 0.252838 0.452263 0.328905 0.6238 0.285249 0.896583 0.19656 1.06703 0.0834768 117.332  
0 0 0.130212 0.00217578 0.225851 0.00350977 0.408734 0.000403004 0.612676 0.000383184 0.796572 0.00511298 1 0 0.0295869 0.109495 0.175679 0.238694 0.383091 0.324253 0.601086 0.300088 0.871712 0.209664 1.05056 0.115163 178.601  
0 0 0.118068 0.00331618 0.239205 0.00130256 0.426426 0.00339458 0.637 0.00244405 0.816299 0.000557354 1 0 0.0259942 0.11851 0.183041 0.247581 0.401979 0.339439 0.607483 0.307494 0.895591 0.220042 1.06079 0.128194 216.486  
0 0 0.149777 0.00254939 0.281071 0.0012747 0.462715 0.00318674 0.630975 0.0012747 0.803697 0.00318674 1 0 0.0363289 0.122052 0.218929 0.235819 0.412046 0.328553 0.621096 0.284576 0.881134 0.195347 1.0443 0.114085 95.9892  
0 0 0.174688 0.00104765 0.30047 0.00263902 0.482148 0.00313331 0.640524 0.0025474 0.81367 0.00339492 1 0 0.041929 0.147524 0.239916 0.271751 0.44023 0.379279 0.629278 0.304354 0.88471 0.189442 1.04309 0.104428 78.6297  
0 0 0.142953 0.00929898 0.217246 0.0136838 0.432837 0.00656222 0.630807 0.00972158 0.81134 0.00840179 1 0 0.0279611 0.11166 0.170402 0.241938 0.390362 0.335712 0.612462 0.310053 0.883964 0.221055 1.06789 0.131657 208.773  
0 0 0.167089 0.00289695 0.274369 0.00508383 0.418233 0.00268222 0.626064 0.00306956 0.783065 0.00336059 1 0 0.0116286 0.10069 0.194746 0.247723 0.399356 0.332849 0.648196 0.306798 0.889948 0.208141 1.06167 0.0990403 203.644  
0 0 0.159837 0.00457722 0.232676 0.0053697 0.441363 0.00182055 0.637167 0.00125584 0.824041 0.000968336 1 0 0.00846734 0.109274 0.165345 0.255165 0.389089 0.340626 0.633144 0.31435 0.927642 0.200328 1.06383 0.083476 188.163  
0 0 0.136453 0.000766728 0.245764 0.00128815 0.411986 0.00128341 0.626666 1.77758e-005 0.830223 3.31814e-005 1 0 0.0126794 0.105763 0.188239 0.245762 0.409743 0.344632 0.62044 0.309317 0.904217 0.205974 1.09759 0.124239 243.099  
0 0 0.158087 0.0114551 0.236369 0.0118657 0.410137 0.0180298 0.620891 0.0186364 0.78615 0.0110116 1 0 0.0132332 0.0969308 0.157592 0.240728 0.364287 0.336098 0.620433 0.326483 0.894001 0.239402 1.06232 0.133557 202.291  
