0 0 0.151952 0.00381818 0.233419 0.00853709 0.383147 0.00711594 0.662463 0.00440589 0.763995 0.00239051 1 0 0.0216658 0.120419 0.228983 0.262714 0.42142 0.338909 0.649303 0.26796 0.92226 0.181707 1.0162 0.0886823 198.007  
0 0 0.156454 0.00131675 0.244387 0.00779515 0.380603 0.00473346 0.659469 0.00669791 0.799494 0.00558105 1 0 0.0361425 0.126991 0.223749 0.250484 0.431886 0.32878 0.65489 0.245424 0.927691 0.18267 1.01681 0.0832096 227.583  
0 0 0.163458 0.000883274 0.257054 0.00162887 0.360155 0.00296233 0.657498 0.00390357 0.791832 0.00385824 1 0 0.0286522 0.122864 0.228234 0.232655 0.403119 0.300996 0.638855 0.236686 0.927025 0.167445 1.01612 0.0900935 204.38  
0 0 0.146239 0.00170599 0.243077 0.00165522 0.362851 0.00147602 0.617025 0.00808173 0.811866 0.00225028 1 0 0.0326083 0.123715 0.229637 0.231222 0.408092 0.298431 0.634595 0.241102 0.916223 0.190513 1.01877 0.111057 227.34  
0 0 0.152168 0.000103796 0.240086 0.00462237 0.338673 0.00688316 0.636027 0.00186958 0.825537 0.00192069 1 0 0.0367566 0.130029 0.234808 0.268871 0.435312 0.343577 0.648029 0.269823 0.934988 0.199273 1.02114 0.0953809 222.559  
0 0 0.17935 0.00434087 0.265361 0.00921961 0.376976 0.00783745 0.673059 0.00655673 0.829731 0.000279526 1 0 0.0298484 0.148831 0.248778 0.267379 0.423324 0.318426 0.67116 0.243358 0.949298 0.194344 1.03778 0.118141 234.359  
0 0 0.136453 0.000366334 0.208858 0.00264426 0.38613 0.00257069 0.653539 0.000645716 0.755316 0.00670611 1 0 0.0170676 0.139332 0.216745 0.242765 0.404728 0.330026 0.641927 0.257353 0.925306 0.204197 1.02699 0.0884612 239.62  
0 0 0.179516 0.00358765 0.247058 0.00159843 0.384553 6.18053e-005 0.657108 0.0018141 0.79093 0.00188228 1 0 0.0355554 0.130413 0.246248 0.267906 0.464714 0.327361 0.661552 0.262659 0.92783 0.189048 1.02205 0.082297 220.053  
0 0 0.158075 0.00459395 0.256253 0.0117869 0.391537 0.00996598 0.690713 0.00438281 0.806199 0.000602922 1 0 0.0375716 0.136618 0.239069 0.25638 0.449173 0.329061 0.658627 0.25108 0.950506 0.181065 1.03597 0.0930316 228.236  
0 0 0.173951 0.00427001 0.253648 8.8278e-005 0.381216 0.00605911 0.664333 0.00339193 0.781287 0.000454632 1 0 0.0354555 0.131146 0.237682 0.252843 0.430639 0.310377 0.647177 0.258929 0.939003 0.178935 1.0264 0.0962821 230.327  
0 0 0.186997 0.00048025 0.248517 0.00367108 0.395665 0.000975648 0.667947 0.00116599 0.804964 0.00048587 1 0 0.0559239 0.140683 0.21933 0.248339 0.439469 0.339 0.653442 0.246769 0.919958 0.171795 1.00734 0.0746262 245.646  
0 0 0.127268 0.000583147 0.230715 0.00185585 0.357534 0.00585275 0.661272 0.0122294 0.770778 0.0061212 1 0 0.0211864 0.128417 0.237866 0.254439 0.41938 0.320391 0.628717 0.250316 0.905557 0.200311 1.00953 0.0875329 250.408  
0 0 0.141828 0.00211505 0.237117 0.00434833 0.392148 0.00512229 0.672175 0.000738864 0.796086 0.00354465 1 0 0.0305386 0.140844 0.22773 0.265058 0.440521 0.31828 0.659448 0.246215 0.92705 0.168613 1.01705 0.0887498 292.8  
0 0 0.171854 0.00460865 0.252918 0.0135483 0.398863 0.0101511 0.684328 0.00230924 0.798208 0.00090993 1 0 0.0396497 0.117257 0.22968 0.238098 0.423452 0.316993 0.652065 0.247562 0.930574 0.176401 1.03252 0.089224 231.323  
0 0 0.174109 0.00455606 0.262778 0.00328192 0.356592 0.00219076 0.657672 0.00349128 0.831133 0.00848434 1 0 0.0298164 0.122627 0.265074 0.261487 0.455293 0.321725 0.662081 0.262349 0.936778 0.171084 1.02822 0.0849219 212.399  
0 0 0.152229 0.000811527 0.238586 0.00125625 0.400698 0.00210452 0.676614 0.00591255 0.79178 0.00535063 1 0 0.0357002 0.118573 0.243668 0.243179 0.443284 0.301532 0.645228 0.251345 0.926102 0.181342 1.01745 0.0904724 218.686  
0 0 0.165491 0.000192537 0.239234 0.00371321 0.375407 7.26924e-005 0.668297 0.00648796 0.787832 0.00229669 1 0 0.0308504 0.133707 0.236563 0.260975 0.436321 0.329464 0.646744 0.252271 0.91843 0.196567 1.03335 0.102381 191.882  
0 0 0.168559 0.00375876 0.245042 0.0021197 0.391724 0.00788067 0.654823 0.00483689 0.769644 0.00587542 1 0 0.0445235 0.131132 0.24356 0.250092 0.4542 0.331148 0.648624 0.24751 0.908848 0.179797 1.01452 0.0736726 187.713  
0 0 0.161869 0.00764314 0.240863 0.00463944 0.367542 0.00143455 0.654723 0.00781264 0.788854 0.00714262 1 0 0.0365821 0.119515 0.249484 0.261836 0.442372 0.318242 0.64618 0.252003 0.930296 0.188381 1.02387 0.0917506 198.999  
0 0 0.153416 0.00296349 0.242356 0.00259662 0.389353 0.0064132 0.670353 0.0132379 0.820578 0.00399928 1 0 0.0363832 0.130458 0.242842 0.247539 0.430623 0.320615 0.675459 0.247293 0.928964 0.186503 1.02191 0.0852684 234.324  
0 0 0.154632 0.00861853 0.251981 0.00467459 0.361962 0.00944785 0.676948 0.0130411 0.820319 0.00361461 1 0 0.0291675 0.114336 0.233152 0.253843 0.416131 0.309168 0.658461 0.249487 0.937654 0.172163 1.01635 0.0787321 256.03  
0 0 0.163126 0.00400336 0.240405 0.00312645 0.36267 0.00287138 0.648945 0.00261771 0.800967 0.00158394 1 0 0.0357901 0.129892 0.233879 0.258318 0.432884 0.319973 0.635243 0.244428 0.917858 0.192007 1.01968 0.0831746 185.242  
0 0 0.159637 0.00290811 0.236757 0.00353783 0.36968 0.0047965 0.656301 0.00548598 0.799594 0.00100036 1 0 0.023463 0.113983 0.23755 0.256719 0.45386 0.314314 0.645713 0.248431 0.925159 0.186186 1.01512 0.0774937 224.427  
0 0 0.169043 0.000880318 0.241221 0.00139598 0.369726 0.00146152 0.661977 0.00121643 0.765493 0.0019981 1 0 0.0364612 0.124696 0.227488 0.245469 0.44382 0.327184 0.640326 0.240679 0.914287 0.18896 1.01064 0.0947671 236.904  
0 0 0.157963 0.00302562 0.244953 0.00309566 0.386231 0.00221032 0.662511 0.00526715 0.806436 0.00148002 1 0 0.0256906 0.121667 0.223182 0.244603 0.424881 0.314982 0.647829 0.247403 0.922219 0.189299 1.01575 0.101546 224.2  
0 0 0.181611 0.00255531 0.264602 0.0067195 0.388651 0.00827961 0.659068 0.00742359 0.822841 0.00325362 1 0 0.0327978 0.144132 0.248766 0.258367 0.451136 0.328661 0.667999 0.247434 0.945338 0.189878 1.0337 0.106204 199.573  
0 0 0.156652 0.00867184 0.261043 0.00178527 0.39078 0.00211786 0.693668 0.000674466 0.817259 0.00435905 1 0 0.0280207 0.121866 0.255862 0.255842 0.459675 0.333011 0.683289 0.275247 0.949951 0.180211 1.02804 0.0881107 232.937  
0 0 0.172951 0.00891702 0.258851 0.00427528 0.387494 0.0114595 0.661728 0.00985254 0.818479 0.00941849 1 0 0.0351585 0.13055 0.235063 0.255214 0.424933 0.329531 0.660382 0.250391 0.933598 0.176492 1.01965 0.0938387 209.441  
0 0 0.146808 0.00165743 0.24863 0.012636 0.361359 0.00588883 0.663913 0.00862958 0.828701 0.00658419 1 0 0.0242415 0.132372 0.232918 0.268308 0.494625 0.334287 0.65198 0.250047 0.94223 0.174551 1.0324 0.112303 244.802  
0 0 0.186304 0.00496728 0.245472 0.00236083 0.364674 0.00740219 0.656282 0.00832531 0.810089 0.0027499 1 0 0.0337839 0.125328 0.24266 0.247805 0.436081 0.308215 0.641979 0.240808 0.933426 0.1693 1.02921 0.0945963 215.976  
0 0 0.164877 0.000118561 0.248796 0.00511807 0.380777 0.00470531 0.643754 0.00735596 0.801151 0.000645098 1 0 0.0307919 0.128203 0.234089 0.243379 0.403899 0.307511 0.642497 0.241339 0.924485 0.17606 1.02663 0.0953967 196.484  
0 0 0.164435 0.00771691 0.251276 0.0106725 0.388624 0.00423168 0.661568 0.000607637 0.811399 0.00373979 1 0 0.0240318 0.110149 0.252143 0.245544 0.423853 0.303019 0.651622 0.240198 0.936662 0.177213 1.02135 0.0976779 241.902  
0 0 0.179488 0.00172342 0.254794 0.0104053 0.381045 0.00862717 0.656104 0.00369959 0.806136 0.000974567 1 0 0.0382826 0.130512 0.239915 0.256563 0.440543 0.30626 0.639956 0.244635 0.923591 0.177846 1.02646 0.0925928 214.383  
0 0 0.167143 0.00164193 0.261571 0.00157403 0.356811 0.00386936 0.658187 0.00558605 0.795664 0.00762555 1 0 0.0229391 0.121254 0.240016 0.244732 0.420499 0.316606 0.655044 0.231934 0.922324 0.16973 1.01754 0.0780313 223.322  
0 0 0.171204 0.010271 0.24689 0.0136359 0.36356 0.0146194 0.655433 0.00874413 0.819832 0.00372125 1 0 0.0274928 0.116656 0.205 0.263515 0.426371 0.339857 0.659915 0.266003 0.954497 0.173657 1.03648 0.107433 200.235  
0 0 0.160755 0.000768925 0.235211 0.00142613 0.367847 0.00375357 0.689815 0.000552309 0.791065 0.00254948 1 0 0.0294835 0.129792 0.239449 0.257642 0.424722 0.335779 0.655456 0.257752 0.930514 0.180019 1.02167 0.0898253 213.841  
0 0 0.177691 0.000712558 0.249869 0.00603187 0.391876 0.00260999 0.646668 0.00409378 0.789417 0.00371986 1 0 0.0326085 0.131116 0.238526 0.271901 0.445202 0.332661 0.641005 0.268069 0.936392 0.194043 1.03723 0.103252 205.241  
0 0 0.164894 0.00437526 0.217595 0.00142548 0.369124 0.00609056 0.663277 0.00477174 0.80016 0.000719332 1 0 0.0321928 0.120934 0.237529 0.256459 0.430333 0.31821 0.649267 0.251201 0.927027 0.176564 1.02161 0.0892518 241.732  
0 0 0.162606 0.00688693 0.236745 0.00844693 0.363541 0.0116031 0.64364 0.000179209 0.819714 0.000303767 1 0 0.0307543 0.132066 0.236737 0.255896 0.423975 0.318448 0.641324 0.247689 0.947766 0.189132 1.03875 0.108678 214.915  
0 0 0.12552 0.00672645 0.216552 0.00379843 0.38887 0.0102851 0.623588 0.00447249 0.770673 0.00401712 1 0 0.0215241 0.123967 0.181667 0.253244 0.448135 0.366986 0.645388 0.286823 0.923169 0.195467 1.03596 0.0987969 215.233  
0 0 0.155154 0.00207967 0.230876 0.00316559 0.372895 0.000736153 0.67116 0.00332755 0.782881 0.00202339 1 0 0.0273722 0.11555 0.221282 0.24082 0.424064 0.314397 0.65508 0.244055 0.924342 0.17478 1.01535 0.0816606 236.314  
0 0 0.165914 0.00512616 0.257387 0.00847878 0.382284 0.0120641 0.682598 0.0188682 0.802372 0.0110419 1 0 0.048802 0.127433 0.231458 0.234902 0.439277 0.308415 0.639353 0.246258 0.906024 0.183137 1.01588 0.0925749 236.847  
0 0 0.164406 0.00579578 0.240822 0.00441003 0.369299 0.00130269 0.656825 0.00945204 0.784077 0.00336995 1 0 0.031834 0.132757 0.21728 0.266268 0.414634 0.334879 0.660849 0.260229 0.929254 0.199662 1.02872 0.105923 217.232  
0 0 0.157847 0.008147 0.262781 0.0103751 0.37571 0.00557608 0.692466 0.00534726 0.837164 0.000926619 1 0 0.034637 0.131148 0.258751 0.245481 0.433272 0.304644 0.662779 0.240798 0.937535 0.162416 1.03527 0.0924817 178.994  
0 0 0.154811 0.00361192 0.238395 0.00657856 0.379937 0.01642 0.64772 0.0110021 0.764048 0.00955535 1 0 0.0363373 0.134147 0.236979 0.271906 0.423835 0.357327 0.638932 0.278204 0.914301 0.198689 1.02304 0.0963824 186.777  
0 0 0.144832 0.00633145 0.249319 0.000483056 0.405436 0.000252009 0.695138 0.00204126 0.793026 0.0046069 1 0 0.0248378 0.123879 0.229503 0.245244 0.448537 0.329724 0.654176 0.256701 0.924273 0.182332 1.01439 0.062719 220.65  
0 0 0.142897 0.00415778 0.26847 0.00403608 0.407456 0.00031482 0.660229 0.00402261 0.793645 0.00652983 1 0 0.0364606 0.113467 0.235933 0.242484 0.47073 0.339615 0.670696 0.268474 0.932301 0.153203 1.04956 0.0613168 306.593  
0 0 0.163842 0.00225268 0.239058 0.0132963 0.364466 0.00440051 0.647935 0.00422665 0.801465 0.00566535 1 0 0.0238077 0.124384 0.209413 0.256234 0.419589 0.334687 0.646231 0.267411 0.938016 0.184344 1.02628 0.096816 184.837  
0 0 0.138794 0.00292866 0.258016 0.00677311 0.358999 0.0101971 0.665037 0.000891855 0.785585 0.00149322 1 0 0.0117894 0.141468 0.229762 0.257123 0.422824 0.351647 0.645686 0.269568 0.942395 0.200401 1.0289 0.100532 203.86  
0 0 0.154657 0.000507319 0.255273 0.000766576 0.390598 0.00202522 0.664762 0.00161018 0.797454 0.00448267 1 0 0.0283391 0.122365 0.230888 0.259447 0.43673 0.33304 0.662127 0.255491 0.938048 0.181019 1.02992 0.105874 203.973  
