0 0 0.162055 0.00562314 0.22883 0.0114536 0.412873 0.00522744 0.685343 0.00326975 0.800886 0.0003459 1 0 0.0388554 0.128049 0.215092 0.251344 0.453787 0.327377 0.680331 0.258831 0.934023 0.192895 1.02535 0.0995957 268.31  
0 0 0.180792 0.000410142 0.256997 0.00269757 0.427344 0.00271909 0.719359 0.0100219 0.844736 0.00486981 1 0 0.0271555 0.132408 0.247257 0.258457 0.456429 0.329637 0.697816 0.245368 0.945781 0.191319 1.02735 0.095353 317.165  
0 0 0.19944 0.000784963 0.253979 0.00154492 0.444378 0.00302148 0.758394 0.00188317 0.838032 0.00334286 1 0 0.0250537 0.133155 0.273283 0.26447 0.468668 0.316951 0.726197 0.235381 0.95915 0.162456 1.01854 0.0865814 292.356  
0 0 0.13618 0.000255723 0.212765 0.00123173 0.403746 0.00322492 0.672818 0.00461634 0.781975 0.00391544 1 0 0.0190671 0.122598 0.21925 0.260046 0.426446 0.323732 0.64313 0.252297 0.92269 0.187551 1.01352 0.0954374 279.118  
0 0 0.191692 0.000350525 0.257102 0.002521 0.441958 0.00135916 0.722454 0.00518108 0.820953 0.00177971 1 0 0.0298984 0.118507 0.23862 0.267758 0.478595 0.335251 0.704379 0.261646 0.9492 0.182367 1.02495 0.0938337 255.637  
0 0 0.19018 0.000810178 0.261396 0.00274568 0.42049 0.00494325 0.6976 0.00559295 0.801758 0.00605822 1 0 0.0283439 0.131831 0.228139 0.25791 0.446338 0.336834 0.671524 0.259648 0.937111 0.185953 1.02232 0.100921 241.736  
0 0 0.173242 0.00135539 0.242394 6.3907e-005 0.414771 0.00136479 0.710658 0.000454116 0.806285 0.000472912 1 0 0.024854 0.121534 0.20936 0.261325 0.456338 0.344958 0.678245 0.258555 0.945183 0.195514 1.02197 0.0991963 257.066  
0 0 0.188445 0.00156632 0.256291 0.00235453 0.441147 0.00514373 0.724666 0.00465328 0.82761 0.00344582 1 0 0.0362492 0.13535 0.24068 0.246279 0.476415 0.309001 0.691196 0.250395 0.941749 0.183733 1.02733 0.0925532 291.383  
0 0 0.198711 0.00135021 0.255489 0.00289279 0.424406 0.00504147 0.73927 0.00251276 0.845578 0.0020994 1 0 0.0276685 0.126339 0.244098 0.281139 0.462086 0.360746 0.70217 0.251157 0.958792 0.18019 1.02883 0.0857216 269.801  
0 0 0.179793 0.00519431 0.230225 0.00233216 0.404771 0.000345156 0.722728 0.0018618 0.801723 0.0024539 1 0 0.0307768 0.133122 0.214951 0.258465 0.43942 0.330348 0.677401 0.2534 0.940785 0.187897 1.02098 0.102667 254.765  
0 0 0.19383 0.00459191 0.247359 0.00764931 0.42054 0.0059474 0.710972 0.00390138 0.831576 0.000102301 1 0 0.0297463 0.125363 0.236478 0.258193 0.460053 0.333014 0.673271 0.247869 0.940033 0.18595 1.01781 0.101273 256.27  
0 0 0.188437 0.00165507 0.273307 0.00344057 0.409566 0.00239759 0.710053 0.00444031 0.817477 0.000956874 1 0 0.036456 0.122688 0.242323 0.257929 0.448983 0.326926 0.700942 0.249632 0.949898 0.171069 1.01632 0.0944446 262.641  
0 0 0.153509 0.00572113 0.231899 0.00937278 0.393333 0.00551646 0.701797 0.00511604 0.81113 0.00103515 1 0 0.0233747 0.120207 0.209159 0.258991 0.434275 0.346715 0.68288 0.254286 0.940712 0.18248 1.02109 0.106828 257.103  
0 0 0.173872 0.00501375 0.23149 0.000594851 0.411953 0.000266267 0.700642 0.00499109 0.802619 0.00192052 1 0 0.0358865 0.130379 0.215283 0.257325 0.463133 0.342928 0.674086 0.262482 0.945451 0.19356 1.02095 0.0949713 236.075  
0 0 0.181654 0.000448782 0.250943 0.00112672 0.390729 0.00349879 0.674846 0.00138398 0.796407 0.000692945 1 0 0.0193904 0.1238 0.226809 0.260867 0.443767 0.332992 0.690938 0.265654 0.953604 0.183849 1.01585 0.0954398 230.539  
0 0 0.194466 0.0117042 0.280383 0.0138109 0.45813 0.0143995 0.745581 0.00908358 0.836368 0.00559151 1 0 0.0217946 0.137776 0.239799 0.289514 0.483301 0.36482 0.712688 0.28261 0.963257 0.197202 1.03031 0.102807 236.728  
0 0 0.148521 0.00816289 0.241929 0.00643569 0.417676 0.00218105 0.701415 0.00442989 0.807711 0.00149546 1 0 0.0217837 0.118039 0.241464 0.253326 0.454331 0.319599 0.678811 0.252916 0.937446 0.170013 1.01525 0.0965151 223.834  
0 0 0.170125 0.00664243 0.248474 0.0044886 0.425736 0.00855014 0.716252 0.0024213 0.846694 0.0013295 1 0 0.023058 0.130612 0.236481 0.2824 0.472612 0.356278 0.679899 0.267611 0.946412 0.192836 1.03261 0.103639 232.739  
0 0 0.155131 0.00196461 0.237649 0.00610224 0.396651 0.00756234 0.692115 0.00244572 0.802851 0.00342773 1 0 0.0252514 0.117854 0.208138 0.243769 0.435944 0.315806 0.660567 0.243887 0.932624 0.183961 1.02301 0.0970585 226.441  
0 0 0.152356 0.00893357 0.252429 0.00140819 0.433974 0.00176754 0.687117 0.00435532 0.815326 0.00273711 1 0 0.0348134 0.119356 0.230072 0.259144 0.458545 0.328844 0.682446 0.258182 0.931356 0.18 1.01897 0.101758 201.017  
0 0 0.171733 0.0048935 0.23668 0.00662677 0.431099 0.0058522 0.719933 0.00310784 0.811957 0.00114758 1 0 0.0310768 0.120323 0.224321 0.249014 0.48487 0.335467 0.691636 0.250006 0.935862 0.181079 1.01852 0.0906178 192.803  
0 0 0.170946 0.00206087 0.230918 0.000351443 0.391478 0.0026484 0.688981 0.0101631 0.795656 0.0046392 1 0 0.0190635 0.119137 0.204464 0.265499 0.446622 0.347472 0.666487 0.262528 0.946261 0.190769 1.03376 0.109489 181.716  
0 0 0.175443 0.00277846 0.246913 0.00119125 0.459007 0.000460486 0.708712 0.00316496 0.822274 7.82117e-005 1 0 0.0248836 0.127056 0.215785 0.264093 0.477904 0.354026 0.690215 0.255457 0.942504 0.185931 1.01833 0.101574 189.301  
0 0 0.172966 0.00174523 0.240587 0.000123905 0.415347 0.000713892 0.696858 0.00259118 0.810583 0.0015287 1 0 0.0251808 0.124303 0.229569 0.259726 0.463008 0.33467 0.6685 0.259762 0.941834 0.191379 1.02744 0.114273 204.93  
0 0 0.168547 0.0017101 0.240225 0.00333099 0.440411 0.00129069 0.691547 0.00186883 0.787161 0.000772789 1 0 0.0270783 0.126573 0.221188 0.260844 0.460936 0.361988 0.665572 0.2634 0.935253 0.182473 1.01482 0.113931 187.375  
0 0 0.155146 0.00376039 0.235391 0.00325774 0.382457 0.00534621 0.659286 0.00641831 0.794182 0.0017398 1 0 0.0149656 0.110933 0.216795 0.247661 0.455157 0.334937 0.661613 0.23776 0.928786 0.184065 1.02179 0.0915106 181.536  
0 0 0.17292 0.0103971 0.237223 0.00835692 0.373416 0.0103339 0.678233 0.00607408 0.807993 0.00409689 1 0 0.0259455 0.12693 0.20517 0.23784 0.440456 0.328201 0.673417 0.250633 0.932013 0.188005 1.01327 0.106802 187.371  
0 0 0.155816 0.00326391 0.254261 0.00233297 0.402675 0.00286611 0.684614 0.00325947 0.785416 0.00315643 1 0 0.0357526 0.122969 0.206063 0.258461 0.435522 0.352042 0.646556 0.255893 0.934256 0.199691 1.01553 0.122595 181.001  
0 0 0.19961 0.000484923 0.247823 0.000834968 0.426324 0.00168993 0.690785 0.00294603 0.790014 0.00149825 1 0 0.0209309 0.117532 0.225348 0.263353 0.463299 0.336847 0.679637 0.242782 0.929081 0.197028 1.0243 0.113155 187.791  
0 0 0.17023 6.00511e-005 0.225979 0.0017471 0.369273 0.000767272 0.660789 0.00364908 0.809156 0.00379532 1 0 0.0340457 0.122872 0.210992 0.255399 0.435614 0.350303 0.662201 0.261473 0.931792 0.196176 1.03241 0.105845 162.776  
0 0 0.166881 0.0121754 0.256692 0.004483 0.425155 0.00468045 0.719368 0.00592491 0.805598 0.00741845 1 0 0.0321354 0.121952 0.226747 0.253687 0.441112 0.337854 0.696413 0.262876 0.952097 0.198005 1.01876 0.112178 191.072  
0 0 0.157012 0.0021908 0.22644 0.00132137 0.391915 0.00431161 0.718887 0.00782084 0.827288 0.00758285 1 0 0.0250244 0.124276 0.225224 0.275551 0.448847 0.339906 0.687973 0.269136 0.954738 0.18252 1.0211 0.0958859 306.21  
0 0 0.14243 0.000857514 0.265032 0.0208676 0.379305 0.00295972 0.71665 0.00427914 0.838842 0.00592421 1 0 0.0258683 0.123678 0.240078 0.257871 0.421117 0.31148 0.696786 0.271182 0.958416 0.168106 1.03205 0.0951996 300.212  
0 0 0.167622 0.0053079 0.265189 0.0012751 0.413773 0.00339125 0.710217 0.00385008 0.831583 0.001931 1 0 0.0314636 0.12175 0.244875 0.262622 0.470811 0.323152 0.70032 0.255471 0.945559 0.175337 1.02006 0.0820998 333.143  
0 0 0.178117 0.00700913 0.234732 0.0112586 0.40535 0.0126129 0.698182 0.00313345 0.80452 0.00155812 1 0 0.0310199 0.120245 0.223824 0.26408 0.438747 0.332052 0.678253 0.279187 0.946219 0.19604 1.03257 0.107092 284.632  
0 0 0.141376 0.00210553 0.208812 0.00885212 0.366888 0.000733395 0.69563 0.00744049 0.828065 0.00331812 1 0 0.00446302 0.109536 0.232302 0.25328 0.409163 0.305773 0.661849 0.241885 0.94126 0.164988 1.03271 0.104656 232.897  
0 0 0.162734 0.00584888 0.238633 0.0025462 0.374749 0.00659647 0.68054 0.00187099 0.814525 0.000957309 1 0 0.0297361 0.120684 0.246449 0.254902 0.436204 0.306003 0.665353 0.23939 0.937225 0.17993 1.01613 0.10332 239.273  
0 0 0.174904 0.00118761 0.241366 0.00795981 0.386249 0.00865879 0.687873 0.0101812 0.806563 0.0015441 1 0 0.0289333 0.118966 0.213096 0.261627 0.427786 0.339311 0.692796 0.248237 0.943329 0.186717 1.02662 0.0923942 271.149  
0 0 0.159077 0.00183338 0.26376 0.00777332 0.363022 0.00261758 0.715261 0.000435968 0.841185 0.0107722 1 0 0.0178523 0.111547 0.241984 0.261865 0.410413 0.317853 0.701548 0.243164 0.968041 0.180813 1.03575 0.0965706 264.395  
0 0 0.189152 0.00284195 0.257968 0.00263367 0.42765 0.0012096 0.713707 0.00606387 0.804614 0.000742595 1 0 0.0284544 0.129069 0.23062 0.271802 0.455729 0.334684 0.693224 0.259911 0.953724 0.172148 1.0188 0.0698227 258.251  
0 0 0.178518 0.00123672 0.261899 0.00131925 0.386899 0.00341373 0.724218 0.0134662 0.858063 0.00150937 1 0 0.00738496 0.116161 0.247789 0.265053 0.427994 0.312634 0.707972 0.259609 0.966461 0.188142 1.05263 0.111202 253.794  
0 0 0.186725 0.00108118 0.253074 0.00431464 0.39268 0.000884599 0.702888 0.00411119 0.823024 0.00440438 1 0 0.0273045 0.107401 0.21714 0.243809 0.428543 0.317999 0.679803 0.229999 0.932532 0.184824 1.02436 0.0993526 239.209  
0 0 0.161748 0.003557 0.255266 0.00349357 0.393968 0.000275679 0.687489 0.00905229 0.8306 0.00474683 1 0 0.0270127 0.120273 0.251195 0.257984 0.45085 0.297173 0.680585 0.243882 0.9505 0.172222 1.0255 0.110196 241.747  
0 0 0.162812 0.000822875 0.227094 0.00354537 0.415903 0.00367414 0.710847 0.00326648 0.815887 0.000569522 1 0 0.0326789 0.130508 0.204163 0.257406 0.449125 0.323299 0.667868 0.254324 0.928878 0.196212 1.02797 0.102518 272.259  
0 0 0.202794 0.00551758 0.270618 0.00829307 0.472651 0.0129849 0.73949 0.00682063 0.837371 0.00327739 1 0 0.0331641 0.139065 0.233812 0.274269 0.483535 0.334728 0.703106 0.262585 0.952019 0.190373 1.03277 0.108832 243.108  
0 0 0.171813 0.00115208 0.230634 0.00410908 0.402622 0.00182342 0.714112 0.0110875 0.82557 0.00670773 1 0 0.0284846 0.126655 0.220666 0.256802 0.463623 0.329359 0.690669 0.257337 0.942476 0.187886 1.01688 0.100895 268.473  
0 0 0.190449 0.000979412 0.236548 0.00241081 0.416594 0.000854677 0.715875 0.00496107 0.815046 6.94885e-005 1 0 0.0256311 0.150821 0.264004 0.277477 0.498669 0.335697 0.682184 0.263057 0.945985 0.196578 1.02265 0.103468 218.188  
0 0 0.131454 0.000643925 0.24983 0.00328913 0.389144 0.000775244 0.696779 0.00145027 0.821158 0.00347036 1 0 0.0199767 0.115492 0.222912 0.261205 0.436029 0.340474 0.67264 0.260995 0.953079 0.197403 1.02064 0.105824 205.654  
0 0 0.180961 0 0.25595 0.00359228 0.419398 0.00269421 0.69286 0.00404131 0.810058 0.000898069 1 0 0.0296363 0.134935 0.248541 0.260665 0.462955 0.328918 0.66749 0.246295 0.938258 0.18388 1.01729 0.104401 191.095  
0 0 0.15503 0.001717 0.246523 0.00124354 0.401988 0.000116463 0.693866 0.00135398 0.818194 0.00196244 1 0 0.0271719 0.116688 0.225489 0.256348 0.452811 0.330176 0.690555 0.262449 0.949892 0.185885 1.02688 0.100391 235.632  
0 0 0.189265 0.00175884 0.247735 5.72173e-005 0.398275 0.00391583 0.678221 0.00155028 0.792536 0.00281245 1 0 0.0270267 0.116854 0.243123 0.269216 0.449555 0.334469 0.679417 0.257656 0.942039 0.177257 1.02913 0.0974912 208.455  
