0 0 0.161639 0.00145837 0.278144 0.00911549 0.437474 0.0105365 0.618739 0.0123122 0.772315 0.0124855 1 0 0.0381336 0.15354 0.215283 0.259719 0.413892 0.381456 0.607781 0.281207 0.854932 0.212462 1.01487 0.118404 59.8076  
0 0 0.162436 0.00143909 0.29574 0.0011798 0.432415 0.00659908 0.620547 0.0048229 0.739317 0.00333195 1 0 0.0420124 0.153289 0.222301 0.267211 0.414186 0.349855 0.608781 0.282548 0.864148 0.220356 1.02352 0.141945 98.4173  
0 0 0.180619 0.000274914 0.302231 0.00187239 0.452858 0.00395282 0.606483 0.000278629 0.73025 0.000631559 1 0 0.0373456 0.153792 0.227151 0.274006 0.439101 0.354193 0.595676 0.304165 0.870424 0.221129 1.01621 0.151082 73.2069  
0 0 0.142422 0.000244349 0.254359 0.00116127 0.440201 0.00692667 0.611136 0.015868 0.763299 0.00826387 1 0 0.0257266 0.130153 0.210881 0.26843 0.402152 0.358321 0.612327 0.304584 0.887895 0.220287 1.02467 0.159616 126.404  
0 0 0.139327 0.00444376 0.253519 0.00253731 0.437821 0.00438186 0.598005 0.000687187 0.734831 0.00515599 1 0 0.0308727 0.118395 0.198087 0.256834 0.397375 0.341947 0.592555 0.28483 0.849485 0.229739 1.01878 0.161372 121.423  
0 0 0.166857 0.00308842 0.245131 0.00363462 0.453175 0.00543867 0.613815 0.00238631 0.775491 0.000357417 1 0 0.037061 0.162719 0.201852 0.276019 0.423278 0.394449 0.595256 0.300169 0.86454 0.195619 1.02624 0.118942 56.7688  
0 0 0.174324 0.00244553 0.281292 0.00299247 0.450876 0.0065696 0.651805 0.00811613 0.788937 0.00661989 1 0 0.0386883 0.128811 0.224577 0.268618 0.44143 0.347824 0.622273 0.296456 0.895619 0.240821 1.03964 0.162951 161.04  
0 0 0.142644 0.00584617 0.258722 0.00687149 0.430655 0.00485013 0.639906 0.00440378 0.772705 0.000246482 1 0 0.0392338 0.124232 0.203628 0.261967 0.412344 0.343079 0.60743 0.300373 0.885738 0.23627 1.0376 0.136219 173.194  
0 0 0.159533 0.000726004 0.262166 0.00481577 0.424534 0.00720571 0.633099 0.00689815 0.775105 0.00215514 1 0 0.0265211 0.12488 0.201557 0.258754 0.422016 0.355967 0.593644 0.293622 0.871746 0.23532 1.04063 0.140369 178.781  
0 0 0.151877 0.000189966 0.276419 6.924e-005 0.423399 0.00364487 0.584734 0.00337323 0.709084 0.00687784 1 0 0.0238026 0.13482 0.204993 0.276299 0.376678 0.373505 0.568267 0.302789 0.840308 0.238445 1.0097 0.147068 86.6109  
0 0 0.161046 0.0042227 0.27922 0.00824668 0.437971 0.00782373 0.62106 0.00635485 0.775175 0.00591043 1 0 0.0370765 0.152372 0.212025 0.259549 0.418873 0.380043 0.60889 0.282184 0.856884 0.212639 1.01681 0.116471 59.731  
0 0 0.16384 0.00155693 0.295384 0.00268844 0.432849 0.00663077 0.620073 0.00477905 0.740281 0.003411 1 0 0.0412159 0.152472 0.220984 0.265951 0.410651 0.347301 0.614081 0.280765 0.863106 0.22022 1.02102 0.144829 98.3734  
0 0 0.173445 0.00382108 0.3021 0.00622557 0.452923 0.00600189 0.604555 0.00125381 0.731946 0.00150979 1 0 0.0379393 0.150785 0.226247 0.276142 0.434152 0.351378 0.595961 0.302985 0.87113 0.22037 1.01616 0.151341 73.5942  
0 0 0.144394 0.000518071 0.253809 0.0021635 0.440753 0.00659264 0.610523 0.0153251 0.764703 0.00693377 1 0 0.0384777 0.131469 0.213512 0.268627 0.40592 0.357931 0.625797 0.304403 0.888473 0.222208 1.02348 0.160046 125.898  
0 0 0.139339 0.00516147 0.253515 0.0027487 0.437822 0.003913 0.598843 0.00101337 0.735671 0.00536804 1 0 0.0329583 0.118386 0.197673 0.256415 0.397368 0.341109 0.591311 0.283572 0.849906 0.229739 1.01963 0.158877 120.429  
0 0 0.159673 0.00605797 0.245147 0.00544178 0.453177 0.00497195 0.61485 0.00277657 0.775501 0.00161843 1 0 0.0355248 0.162199 0.201858 0.276019 0.422779 0.393922 0.595254 0.299646 0.865569 0.195101 1.02572 0.119958 56.5969  
0 0 0.176212 0.00194604 0.283248 0.00217754 0.453533 0.00585211 0.655204 0.00385432 0.790037 0.00370815 1 0 0.0401969 0.129492 0.224719 0.269078 0.442611 0.347737 0.623265 0.29602 0.897081 0.24009 1.04196 0.157626 159.828  
0 0 0.142214 0.00586279 0.258418 0.00628448 0.429983 0.00547298 0.639459 0.00381699 0.772432 0.000252872 1 0 0.0404445 0.124408 0.202368 0.262289 0.412546 0.343773 0.60786 0.301343 0.887399 0.237484 1.03822 0.132472 172.192  
0 0 0.160002 0.000247867 0.262575 0.00439369 0.424282 0.00631633 0.632747 0.0078175 0.775798 0.00258436 1 0 0.0276262 0.124241 0.202559 0.259177 0.421775 0.355758 0.589083 0.292865 0.871532 0.235192 1.04057 0.138319 178.711  
0 0 0.152212 0.000737784 0.277036 0.00192822 0.422408 0.0017108 0.584047 0.00145418 0.710516 0.0050736 1 0 0.0225532 0.134579 0.20359 0.27682 0.378028 0.372674 0.568516 0.303831 0.840102 0.237999 1.01069 0.147815 87.0989  
0 0 0.148474 0.0051571 0.278395 0.00792945 0.436165 0.00847853 0.620622 0.0079604 0.7726 0.00616914 1 0 0.0371165 0.15371 0.21112 0.259278 0.416462 0.379914 0.608441 0.281925 0.857304 0.212887 1.01683 0.117186 59.8391  
0 0 0.163229 0.00171439 0.296981 0.000651705 0.434279 0.00380161 0.62054 0.00258627 0.740621 0.00167036 1 0 0.0423403 0.15307 0.221496 0.266191 0.410135 0.347569 0.60844 0.281614 0.862914 0.219564 1.02244 0.142104 99.0853  
0 0 0.177902 0.000762522 0.302265 0.00387989 0.453289 0.00414902 0.606324 0.000931971 0.730471 0.0007077 1 0 0.0366708 0.151617 0.225784 0.275908 0.435589 0.354882 0.597001 0.304457 0.872476 0.218269 1.01671 0.152066 73.5731  
0 0 0.142607 0.000547829 0.253193 0.00121883 0.440107 0.00693304 0.611346 0.0151192 0.764529 0.00755195 1 0 0.0316316 0.129556 0.207693 0.268719 0.402763 0.358527 0.612074 0.301877 0.888501 0.222195 1.02474 0.158301 125.384  
0 0 0.138505 0.00517051 0.253515 0.0027487 0.437822 0.003913 0.598 0.000188486 0.734828 0.00454315 1 0 0.0312905 0.118396 0.197252 0.256012 0.398215 0.339858 0.590889 0.28316 0.849489 0.229734 1.0192 0.158873 121.365  
0 0 0.166857 0.00308842 0.245131 0.00363462 0.453181 0.0064685 0.612785 0.00239268 0.775498 0.00138724 1 0 0.0350046 0.164257 0.200314 0.274992 0.423284 0.393419 0.593721 0.299664 0.86351 0.195626 1.02418 0.120995 56.4829  
0 0 0.169523 0.00181523 0.277197 0.00177843 0.44908 0.00540359 0.651323 0.00697431 0.788163 0.00546516 1 0 0.030633 0.128445 0.219804 0.269474 0.438382 0.350094 0.620706 0.298392 0.895543 0.240619 1.04051 0.161647 159.551  
0 0 0.143404 0.00523423 0.259622 0.00625768 0.431775 0.00483101 0.640636 0.00258668 0.773649 0.000827812 1 0 0.0410663 0.123492 0.204167 0.263179 0.412225 0.342877 0.608422 0.301931 0.888576 0.237497 1.03877 0.132157 173.834  
0 0 0.15849 0.000172402 0.261755 0.00538644 0.42364 0.00665433 0.632892 0.00690403 0.775542 0.00215216 1 0 0.0256901 0.124942 0.200538 0.2589 0.420844 0.356165 0.5889 0.292909 0.871948 0.235737 1.04147 0.139318 178.824  
0 0 0.155615 0.0018608 0.276205 0.000923757 0.423004 0.00333102 0.583163 0.00454616 0.709391 0.00579142 1 0 0.0234411 0.133694 0.202967 0.275086 0.373985 0.37226 0.565805 0.30103 0.836636 0.236745 1.00899 0.146362 87.0882  
0 0 0.14616 0.00497949 0.274911 0.0133989 0.435011 0.01029 0.617145 0.0107126 0.769121 0.00874506 1 0 0.0365239 0.156613 0.209958 0.260437 0.414716 0.381079 0.605548 0.282495 0.85498 0.212884 1.01392 0.11776 59.8278  
0 0 0.163753 0.000381149 0.29666 0.000401672 0.433182 0.00380445 0.618495 0.00298997 0.74238 0.00145188 1 0 0.042555 0.152178 0.22344 0.264305 0.408886 0.346214 0.608279 0.281153 0.862101 0.22019 1.02111 0.143753 98.5022  
0 0 0.165161 0.000277932 0.302599 0.00229294 0.453377 0.00403002 0.608324 0.00104225 0.731031 6.9483e-005 1 0 0.0270289 0.149805 0.225959 0.274736 0.43552 0.353113 0.598423 0.301973 0.866002 0.220956 1.01501 0.151786 73.4828  
0 0 0.141412 0.000293674 0.252259 0.00205202 0.438828 0.00610251 0.609647 0.0150734 0.760765 0.00896044 1 0 0.0285904 0.127938 0.204356 0.270414 0.401377 0.358193 0.618831 0.307158 0.887959 0.223483 1.02676 0.157833 125.252  
0 0 0.140161 0.00443542 0.253511 0.00337125 0.437829 0.00354792 0.598839 0.000678841 0.734822 0.00432205 1 0 0.0308727 0.118395 0.198504 0.255996 0.398213 0.339862 0.591309 0.283575 0.849902 0.229743 1.01921 0.161377 121.33  
0 0 0.161873 0.00328932 0.245381 0.00388979 0.454664 0.00487286 0.614443 0.00198741 0.776295 0.00115312 1 0 0.0345272 0.162369 0.20051 0.276305 0.423206 0.393823 0.594845 0.299976 0.864923 0.195324 1.02525 0.122154 56.7925  
0 0 0.168147 0.00130347 0.277269 0.00155307 0.44898 0.00467307 0.650527 0.00504285 0.788288 0.00312925 1 0 0.0310082 0.12967 0.218846 0.271022 0.437364 0.350346 0.620122 0.298203 0.896816 0.241204 1.04229 0.160137 159.511  
0 0 0.141884 0.00639832 0.257694 0.00675972 0.430156 0.00521959 0.63939 0.00283667 0.772626 0.000386125 1 0 0.0369378 0.123689 0.200309 0.259749 0.410592 0.343766 0.60655 0.29976 0.885963 0.237292 1.03887 0.134231 174.323  
0 0 0.158402 0.00035173 0.262163 0.00511136 0.423956 0.00656181 0.632529 0.00705303 0.775679 0.00358784 1 0 0.0270865 0.125428 0.200705 0.25763 0.420025 0.355133 0.583498 0.293365 0.871761 0.23532 1.04145 0.138113 180.107  
0 0 0.155602 0.0015682 0.277223 0.00223054 0.423006 0.00318599 0.584139 0.00381557 0.710191 0.00811638 1 0 0.0244271 0.133675 0.205476 0.276275 0.374985 0.371173 0.566838 0.301775 0.838912 0.238093 1.01053 0.148282 87.1166  
0 0 0.139415 0.00599711 0.272925 0.00190192 0.433204 0.0018574 0.614396 0.000797187 0.770038 0.000441083 1 0 0.0319907 0.155049 0.207924 0.258392 0.415231 0.382648 0.607432 0.279321 0.85425 0.214304 1.01225 0.114433 61.3081  
0 0 0.16005 0.000835799 0.291698 0.000740514 0.429193 0.00423311 0.620968 0.00320968 0.740059 0.00587118 1 0 0.0419061 0.150915 0.221988 0.26401 0.418314 0.350463 0.610437 0.280371 0.862688 0.21855 1.02108 0.142644 97.9057  
0 0 0.175375 0.000721348 0.301772 0.00156707 0.453703 0.00116908 0.604521 0.0008395 0.72835 0.00230085 1 0 0.0370406 0.148103 0.225421 0.274604 0.440308 0.362254 0.597457 0.302431 0.872241 0.22049 1.01339 0.152487 73.6325  
0 0 0.143972 5.49701e-005 0.250477 0.00173706 0.438711 0.00519468 0.611141 0.0152597 0.764046 0.00871276 1 0 0.035453 0.131835 0.207993 0.267751 0.405517 0.359821 0.610765 0.302539 0.892874 0.227705 1.02006 0.161087 125.359  
0 0 0.13694 0.00447139 0.252053 0.00335946 0.437343 0.00521546 0.595992 0.000126799 0.73294 0.00517923 1 0 0.030068 0.119738 0.194901 0.254987 0.396041 0.341815 0.588881 0.282972 0.848513 0.231191 1.0167 0.162755 122.241  
0 0 0.17319 0.00403322 0.241505 0.00857802 0.451244 0.00511588 0.614655 0.00431876 0.768298 0.00113025 1 0 0.0353472 0.159758 0.198776 0.273194 0.419514 0.392674 0.610884 0.279125 0.869509 0.196307 1.02194 0.126814 57.2014  
0 0 0.159318 6.27219e-005 0.270251 0.00230655 0.44378 0.0037876 0.648626 0.00269097 0.785173 0.00385639 1 0 0.0213416 0.131545 0.213368 0.273107 0.433835 0.354207 0.61875 0.300904 0.898264 0.241785 1.04414 0.161116 164.366  
0 0 0.14663 0.00540618 0.257654 0.00872715 0.431117 0.00502595 0.643 0.00192746 0.775291 0.0019497 1 0 0.0427762 0.122399 0.203503 0.261798 0.414812 0.34496 0.608891 0.300868 0.886904 0.234647 1.03774 0.139415 173.558  
0 0 0.158033 0.000141079 0.261659 0.00420768 0.422373 0.00669773 0.629526 0.004772 0.774256 0.00209855 1 0 0.0279169 0.124196 0.199893 0.256993 0.419072 0.355246 0.589708 0.292729 0.869834 0.234388 1.03714 0.148726 183.748  
0 0 0.159336 0.00383915 0.278986 0.00506287 0.424681 0.000205132 0.585697 0.000189216 0.711624 0.00456772 1 0 0.0300235 0.136083 0.209573 0.276687 0.382821 0.371206 0.571068 0.300682 0.842147 0.23762 1.0167 0.142878 87.729  
